100
74 17 40 4 8 61 86 76 12 20 44 26 45 75 5 26 16 25 89 69 74 89 73 34 38 7 43 44 14 93 75 7 32 92 41 80 70 69 64 56 18 91 2 96 47 49 17 56 54 89 4 3 39 40 74 92 46 11 44 39 30 99 91 92 51 0 35 27 95 41 15 77 7 63 6 31 44 60 59 14 46 18 4 35 57 77 25 3 23 4 46 64 14 45 38 26 59 21 52 24
66 44
20 49
44 43
2 59
3 26
98 69
77 85
68 99
97 70
18 15
29 5
9 86
49 96
89 79
10 45
40 62
4 32
3 14
95 13
71 91
2 39
68 82
56 77
93 29
61 22
51 8
31 62
38 92
97 29
79 74
60 24
75 25
41 65
42 21
98 8
96 34
27 97
67 47
64 100
98 71
14 84
54 61
80 37
52 35
97 12
3 52
83 58
25 67
92 44
72 67
85 73
46 40
60 67
76 62
9 44
1 85
42 26
14 81
4 25
96 45
14 83
97 6
13 99
12 50
57 31
80 36
51 48
78 66
91 15
90 23
7 77
37 56
14 56
30 82
12 19
11 93
61 56
88 78
80 90
28 100
63 44
40 71
37 12
56 74
46 16
66 98
71 33
55 69
44 56
68 100
17 69
53 50
2 87
98 75
34 12
9 65
2 61
68 85
94 81
