90
77 70 63 78 80 86 57 96 47 39 81 39 88 35 34 50 76 8 36 60 96 33 8 26 20 30 15 94 76 41 76 49 17 30 100 1 74 52 48 23 99 84 8 82 61 20 61 3 10 6 26 28 67 48 5 82 97 39 48 89 4 69 52 41 89 97 49 20 8 71 16 6 29 80 89 90 42 44 32 60 6 53 36 79 21 2 38 48 89 78
21 53
80 39
45 55
83 23
7 5
39 11
39 25
52 48
77 37
18 4
66 1
18 3
77 12
39 68
45 14
47 78
69 50
8 89
17 73
41 42
24 16
76 16
50 4
54 22
14 1
24 54
16 3
73 2
84 74
57 32
45 67
18 60
81 1
56 80
4 82
49 56
33 54
62 78
72 79
9 22
35 3
3 2
86 30
21 45
42 44
54 31
43 8
90 18
90 27
70 44
15 65
32 15
50 46
44 79
11 8
25 26
76 29
39 77
17 38
13 90
62 16
63 44
71 80
35 85
78 87
48 29
14 3
88 86
33 10
5 83
49 36
39 58
34 70
64 45
48 40
9 6
62 39
28 16
34 25
88 70
65 14
26 51
61 65
20 53
39 59
42 19
84 11
34 75
83 29
