100
32 96 100 11 54 19 82 8 86 93 97 92 24 76 24 45 31 86 28 6 82 42 37 35 37 22 38 23 73 76 50 30 53 39 31 96 79 51 21 35 40 5 96 78 80 59 17 91 77 30 22 69 22 69 39 8 55 55 90 46 84 64 84 46 59 11 73 49 44 9 75 31 71 4 52 100 71 2 39 9 28 10 30 76 98 60 11 85 53 70 35 42 71 57 4 7 94 30 48 87
61 44
84 100
21 98
21 23
51 17
26 30
11 47
93 48
60 26
72 61
15 19
89 71
17 9
83 24
76 13
87 94
59 69
13 25
35 57
21 73
12 61
3 42
42 58
44 16
31 80
8 27
55 79
67 14
98 42
69 62
68 19
46 98
59 100
94 44
20 34
25 33
6 34
59 78
11 45
53 22
60 40
83 32
95 57
13 19
59 77
69 74
48 91
4 78
75 89
39 43
24 39
47 94
96 64
46 35
15 97
87 65
61 88
6 59
9 37
63 89
79 59
19 85
44 1
89 69
31 47
29 88
66 41
5 63
95 24
100 50
9 69
79 64
75 7
28 69
21 69
2 69
19 98
90 57
98 27
25 99
44 21
14 91
19 10
70 56
91 41
54 14
22 78
11 18
71 36
69 52
28 49
28 92
86 24
81 26
91 94
38 61
65 70
19 82
72 40
