100
92 99 99 86 85 98 88 88 81 97 89 83 88 93 89 91 96 95 91 87 86 89 84 94 88 84 88 95 80 83 98 89 81 85 88 100 81 98 83 94 95 92 93 99 91 99 96 93 84 94 87 88 95 99 84 99 90 96 85 96 87 96 88 94 85 91 84 91 94 88 90 96 82 81 80 89 86 91 100 97 98 99 90 80 84 97 98 80 92 84 97 87 88 97 86 100 80 85 86 98
42 74
83 5
31 49
24 79
29 63
26 23
29 55
51 22
56 17
89 24
29 43
3 29
31 3
68 16
93 18
42 79
97 58
49 8
87 37
67 41
66 68
62 50
100 75
97 3
27 3
11 83
87 4
95 62
73 30
48 90
79 20
44 22
14 71
76 13
91 61
85 29
63 87
64 99
78 37
67 25
73 77
54 51
68 15
79 57
1 99
42 33
14 86
49 2
59 86
31 36
31 52
94 24
23 99
12 51
45 97
6 28
68 47
87 61
21 89
38 55
69 86
95 69
35 36
99 40
48 79
92 7
69 82
18 25
34 73
73 84
76 49
96 28
19 6
3 42
9 4
60 49
10 80
51 98
18 73
29 75
17 32
51 79
69 7
79 6
48 68
65 55
48 10
91 72
71 81
29 26
3 18
4 46
69 29
39 61
88 14
11 24
53 56
32 93
70 79
