100
7 4 6 3 3 5 3 3 5 6 4 5 1 2 8 7 3 10 7 8 1 1 6 3 7 1 7 2 10 10 10 6 2 7 4 10 6 1 8 0 3 3 3 8 9 5 7 4 1 6 3 5 8 9 10 0 4 8 10 6 3 5 2 4 7 5 9 3 5 4 8 1 7 9 5 10 3 3 10 4 10 3 2 9 8 1 7 2 10 4 4 1 6 9 7 0 6 0 2 3
16 44
92 100
27 17
82 34
50 20
94 43
25 91
34 38
97 35
93 44
68 100
41 34
95 14
24 44
94 31
52 11
86 46
22 88
40 38
91 48
80 31
54 22
1 52
42 48
29 20
54 60
100 20
41 63
24 65
91 39
94 19
99 95
58 35
61 39
55 59
15 14
88 21
84 9
26 18
98 5
45 9
84 70
39 71
95 22
85 42
96 58
33 52
22 7
47 62
25 77
90 34
10 75
31 4
36 13
71 26
93 27
8 70
53 75
1 6
55 23
72 66
30 83
64 2
81 13
21 46
25 76
86 72
12 37
37 27
3 14
98 92
26 81
45 38
28 70
80 28
83 15
84 74
6 97
35 49
15 79
16 2
78 15
56 1
10 16
87 60
89 72
21 69
11 37
79 51
94 10
59 62
57 20
50 35
67 25
10 32
73 80
72 47
92 23
36 51
