100
94 28 3 94 60 45 74 99 71 95 92 12 34 45 40 43 74 62 47 14 89 50 47 84 55 2 81 41 64 94 18 11 12 25 98 70 36 52 35 76 82 96 44 44 33 87 48 49 100 37 23 45 64 35 16 78 0 35 43 70 62 26 18 7 38 21 71 34 11 44 39 24 33 6 88 80 96 70 2 61 81 35 74 11 45 46 18 19 100 9 9 17 95 66 40 30 45 84 45 86
89 47
88 47
60 47
81 47
18 47
80 47
52 47
97 47
63 47
59 47
26 47
95 47
50 35
40 47
4 47
79 47
83 47
6 47
32 87
78 99
3 34
37 47
90 47
61 23
16 47
46 47
41 47
21 47
14 47
56 47
25 47
3 47
89 19
98 47
82 47
30 47
53 12
5 47
67 8
10 32
9 47
33 47
1 93
68 47
12 47
8 47
58 47
72 47
65 47
70 47
100 47
62 47
73 52
31 47
86 41
49 47
75 47
96 47
32 47
77 47
91 47
13 47
66 47
11 47
69 47
32 64
54 47
27 47
84 47
39 47
74 47
94 47
48 29
51 47
71 47
2 47
7 54
44 23
45 47
92 47
55 47
99 47
61 47
35 47
76 47
48 47
20 9
38 47
17 82
43 47
93 46
22 47
28 47
57 47
40 36
42 47
24 47
15 47
85 47
