100
74 44 10 43 45 48 63 82 73 24 68 100 1 14 70 7 36 66 28 68 46 90 42 53 75 97 57 48 72 52 2 67 48 5 59 70 40 17 91 10 89 73 73 75 75 47 86 42 66 68 42 75 26 53 5 76 33 55 54 74 29 16 94 42 33 44 57 47 90 26 52 53 93 96 3 42 34 98 79 19 5 95 53 77 33 76 0 64 83 35 76 24 32 58 76 27 44 50 96 17
28 48
18 44
97 11
86 48
67 44
16 36
17 44
76 48
43 88
56 8
37 20
65 44
57 82
43 30
98 36
32 75
5 26
16 12
83 51
3 26
52 80
74 20
15 10
50 10
40 26
26 46
22 71
11 96
79 10
60 55
68 7
93 20
55 20
15 62
47 44
34 83
41 75
39 94
57 80
54 49
25 95
39 88
81 5
78 91
5 29
5 4
70 10
76 22
69 64
63 44
6 48
59 89
14 8
11 80
66 12
23 84
47 9
38 26
55 95
75 80
11 70
38 12
98 53
7 10
2 12
79 21
65 84
76 49
83 12
33 84
87 80
92 84
70 73
11 27
72 88
75 89
91 26
64 63
26 13
61 66
1 80
77 26
35 8
95 88
44 45
99 92
31 12
24 89
85 44
100 88
58 88
45 20
43 11
99 8
22 8
19 8
46 48
90 84
42 44
