100
44 25 52 92 9 93 83 54 76 100 88 36 61 10 22 98 36 6 26 14 63 61 58 8 88 89 46 35 25 92 67 20 8 48 79 94 70 62 6 70 54 57 14 9 94 21 97 91 97 23 60 61 11 9 39 82 77 83 23 78 48 92 10 89 16 30 56 61 90 10 99 64 41 87 32 7 84 99 64 43 71 55 84 43 17 91 10 1 28 9 68 95 84 15 26 21 61 98 86 55
73 94
48 89
11 36
44 29
98 34
63 86
74 2
79 46
47 8
41 46
54 3
39 50
71 38
35 19
76 30
94 95
18 33
42 96
40 77
80 25
64 4
12 55
91 92
70 13
21 11
84 92
67 26
90 21
18 53
88 2
32 100
69 80
40 33
22 62
24 83
65 87
71 45
20 49
23 65
52 78
8 62
60 56
51 59
88 54
56 100
18 16
87 66
72 5
14 70
81 37
61 76
93 47
90 28
26 57
80 12
35 3
55 99
97 10
31 7
20 66
19 30
27 1
59 77
64 29
95 91
99 27
50 60
41 50
100 83
22 52
38 74
68 84
10 7
94 63
85 4
93 57
58 5
15 17
67 61
49 69
81 6
84 44
9 24
51 37
97 1
9 85
13 58
31 48
17 98
43 74
36 96
81 72
75 15
23 14
82 79
28 89
82 53
42 78
75 86
