124502
124996
124996
126500
126500
127506
127506
128011
128011
129025
129025
129026
131066
131066
131068
131063
133119
133119
133635
134669
134669
134671
136231
136231
136231
136233
138329
138854
138854
138854
138855
140442
140972
142034
142034
142033
143637
143637
144175
144175
144175
145788
146328
147410
147410
147410
149044
149044
149044
150134
150134
151782
151782
152334
152886
152886
153440
154550
155106
156220
156220
156781
157901
157901
159026
159589
159589
160720
161286
161286
161854
162992
162992
163565
164708
164708
164709
165859
165859
167590
167586
168744
168744
169908
169908
171070
171070
171655
173999
173999
174003
174003
173998
174591
174591
176370
176964
176964
178157
178754
179352
179949
181149
181149
181150
181753
182357
182357
184781
184781
184781
185392
187222
187222
187222
187832
189060
189060
189061
190912
190912
191531
191531
192773
192773
194019
194643
195268
195894
197775
197775
198406
199036
200298
200298
200299
200299
201569
202838
202838
202839
204756
206036
206036
206038
207324
208612
208612
209258
209900
211196
211845
211845
211845
212499
213805
214459
214459
216428
217085
217085
217744
219064
219725
219725
219726
221718
221718
222386
223720
223720
224391
225731
225731
227072
227745
227745
228422
228422
230453
230453
230453
231133
231814
233178
233861
233861
233862
236606
236606
236606
237295
238675
238675
239367
240060
240754
242144
242144
242145
244239
245637
246337
247038
247740
247740
247740
249855
249855
251271
251271
251272
251267
254111
254823
254823
254823
256254
256254
258406
259124
259124
260564
260564
261286
262009
263457
263457
263458
264185
266369
266369
266366
267828
267828
269295
270763
271498
272234
272234
272235
273713
273713
274451
276677
277415
278159
278904
279650
279650
281147
281147
281149
281897
284151
284151
285659
285657
286414
287171
287171
287172
287932
289454
290216
290216
291744
294039
294039
295575
295575
295576
297116
298658
298658
300204
301749
301749
301750
301752
304081
304860
305640
305635
305635
305635
308771
309556
309556
311131
311127
312707
312707
314290
314290
314291
315087
315087
318271
319861
319861
319862
321464
321461
321462
326280
327888
327888
327891
327893
327899
327899
327899
328711
330335
330335
332778
332778
334412
334412
336048
336048
336049
336866
338510
340156
340156
340981
340981
343463
343463
345121
345117
346780
347612
347612
347613
347615
350123
351797
351792
353472
353472
353473
353475
355161
356005
357695
358538
358538
360233
361082
361082
363636
363636
365343
365343
365343
368767
368767
368769
368769
369629
371351
371351
373077
378261
378261
378261
378267
378267
378271
379141
380880
381747
381747
382622
383497
385249
386126
386125
387005
387885
387885
389649
389649
390534
393189
394075
394075
394965
394965
394966
398530
398530
400316
401210
401210
401211
403902
403902
403897
403898
406601
406601
409310
409310
410217
412029
412029
412938
413847
415667
415667
418400
418400
423887
423887
423887
423889
423889
423905
424825
424825
424823
427594
427594
429445
430371
430371
431300
433158
433158
433158
435954
435954
437823
437823
438760
438760
440637
440637
440637
443458
443458
443459
447235
448180
448180
448180
449130
451977
451977
452928
452928
458646
458646
458647
458647
458648
458652
459611
459611
461533
463457
465383
466343
466343
466345
466345
469244
469244
469245
472158
474102
474102
474099
477026
480930
480930
480931
480933
480939
482901
482901
482903
485855
486840
487826
487826
489804
489801
490793
492775
492771
493765
493765
495755
497746
498743
498743
498743
498743
498743
498743
498743
498743
498743
498743
498743
498743
498739
498734
498734
498734
498734
498731
498731
498731
498731
498731
498731
498731
498731
498727
498727
498727
498727
498727
498727
498727
498727
498727
498727
498727
498727
498724
498724
498724
498724
498724
498724
498724
498724
498724
498724
498724
498724
498724
498724
498724
498724
498724
498724
498724
498724
498724
498724
498724
498724
498721
498721
498721
498721
498721
498721
498721
498721
498721
498717
498717
498717
498717
498717
498717
498717
498717
498717
498717
498717
498717
498717
498717
498717
498717
498717
498717
498717
498717
498717
498717
498717
498717
498717
498717
498717
498717
498717
498717
498717
498717
498717
498717
498717
498717
498717
498717
498717
498717
498717
498717
498716
498716
498716
498716
498716
498716
498716
498716
498716
498716
498716
498713
498713
498713
498713
498713
498713
498709
498709
498708
498703
498703
498703
498703
498703
498701
498701
498701
498701
498701
498701
498701
498701
498701
498701
498701
498700
498698
498698
498698
498698
498698
498698
498697
498695
498695
498695
498695
498695
498695
498695
498695
498695
498695
498695
498695
498693
498693
498693
498690
498690
498690
498690
498690
498690
498690
498690
498690
498690
498690
498690
498688
498688
498688
498688
498688
498688
498688
498688
498688
498688
498688
498688
498685
498685
498685
498685
498685
498685
498685
498685
498685
498681
498681
498681
498681
498681
498681
498681
498681
498681
498681
498678
498678
498678
498678
498675
498675
498675
498675
498675
498675
498673
498673
498673
498673
498673
498673
498673
498673
498668
498668
498668
498668
498668
498668
498668
498668
498668
498668
498668
498668
498668
498666
498661
498661
498661
498661
498661
498661
498661
498661
498661
498661
498661
498661
498652
498652
498652
498652
498652
498652
498650
498650
498647
498647
498647
498647
498647
498647
498647
498647
498637
498637
498636
498636
498636
498635
498635
498635
498635
498632
498629
498629
498629
498629
498629
498629
498629
498629
498629
498629
498625
498625
498625
498625
498625
498625
498625
498625
498625
498625
498625
498625
498625
498625
498625
498625
498625
498622
498622
498622
498622
498622
498622
498622
498622
498622
498619
498619
498619
498619
498619
498619
498619
498619
498619
498619
498619
498619
498619
498619
498619
498619
498619
498619
498619
498619
498619
498619
498619
498619
498619
498619
498619
498619
498619
498619
498619
498619
498619
498619
498619
498619
498619
498619
498619
498619
498619
498619
498619
498619
498619
498619
498619
498619
498618
498618
498618
498618
498613
498613
498613
498613
498613
498613
498613
498613
498613
498613
