1000 1000
4 1 1 1 247 6 1 4 13 1 28 1 26 1 70 5 35 1 1 7 57 3253 76 164 1 1 3 1 1 1 1 177 77 2 17 1 2 87 1 4 12 1 1 1 11 9 3 3348 1 2 1 83 79 1 140 1 148 6 4 1 1 1 1 1 14 1156 103 8 1 1401 2 30 1 112 7 2 1217 7 53 1625 1 1 1 511 1 1269 17 1 5 81 1 1 2123 354 3 1 676 4 168 2 7 1 12 1513 398 27 2 1 115 1 316 1 1 8 34 1772 9645 1 7 26 3 1 146 574 1 41 14 1 2 1 4 3 10 3 7 1 1 95 168 76 1 13 12 2 360 1 7144 1 1 12 9 8 16 251 287 9 1 1 1 29 1 1 2458 202 5 2 43 7137 28 7 41 4269 115 7922 4 842 1 19 3 2 660 3 20 368 1 1 2 21 4865 8 4426 1 16559 35 12 6 76 10 77 119 1 7 2 32 3 1140 1 9 69 67 142 1 1 205 2 403 31 1 7321 1986 1 185 3 24 9 7 24 595 1857 36 7 1 1794 1280 292 111 1 154 1 4 604 235 308 26 2 3 1 2 462 1 1 2538 1 1 1 3906 629 11 525 3 1 2 3 1 198 1 13 41 1 631 23 5 4 208 2388 6 40 12 2858 79 1 7 77 1543 1 2 14523 694 6 32 1 2664 167 13 4 10 1 1 2966 1 1 19337 1 150 27 13 3 13 3 3 1 19 2 22 77 253 105 1 1 5 97 5 12 4 8 25 544 196 53 930 77 1 26 1 1 1 1 1 78 285 339 4187 1 2 664 71 1 36 333 2478 6 86 1 1 1 3 1743 20 1423 251 1328 3 10 1 34907 3 11 112 5773 9429 1 828 76 3882 1 2983 1 1 9 19 2 97 1 1 2 820 3 74 5901 20182 4 189 1 3 1 68 468 15 1 3 1 41328 3 1 4 1 41 11 741 1 3 2 1 140 4 66 1 4 6641 21 95 1 1 30 1204 1 152 20 81 10 44 6 834 470 474 130 13 7 1 1 1 1597 74 812 6 3898 2237 696 2 931 293 25 250 29 14167 3356 5 4 6678 207 1 3 6 2109 10 1819 398 57 1 309 544 134 7 374 2 53 59 108 1140 16 1386 1 37 8 1 26 30 750 8203 13 1 1 1 10 1 6541 40 45 122 1 5 1 1 16908 1 3421 3062 12 123 2 1846 2 60 39 55 6 3 2958 26 1 3741 7351 19 2 2 2 2 120 6 17 92 1 9 3 1 84 21 1 3375 11 1 5 25 1 1 11 307 458 198 171 3161 119 249 24 74 9 62 2 2 257 917 1 1 1 13075 1 1 6923 1743 9 186 1 1 2 2705 1 1 6919 56 1 7 2 21 92 138 37 5018 14 1191 3411 676 253 1 4546 1 70 4 2 1012 335 27 3 2 1 1 255 2247 75 1 21 12 1 3 2526 1 38 28057 695 16 3952 38 14 37114 3220 998 1 2886 15 1 1 7 39 153 17 10 4 18 1 98 60 81 71 1116 3282 1 7 840 26 59 47 214 19 113 8 1476 3 9326 850 1 80 60 1 1 266 316 1 176 76 14 4 93 158 1011 1 1 1 155 12 1 1 65 327 1 1 4 4 4 1 32 121 1 3 5139 1 1 22 149 49 1 917 2 309 72 642 29 4 8 1 3 1 1 1 258 15173 23 10 1062 1629 4 1 1 1027 63 1 271 1067 3 3 20320 471 1 1 1 5814 264 1 9 2 120 353 1 894 62 40 9 27 1 1 1 6336 1 1306 3 101026 47 5 127 17 27 77 3 2 1 20 1307 3 1 5 9267 148 30 135 3 25 47 1 8 3 46263 2 1 276 4 23 276 2 476 1 42 3 2 2177 13 24 1 227 635 32 91 20 1 3 279 1758 1141 1 1 8 343 6 62877 1 1 2 1 1 8 1 1 286 5 1 342 138 4 4 58 13 3 1 60 1 7 105 6 1 5 7 1 7366 1 39193 73 1 91 1 1 1 134 111 20 48 13 1 95 1 27 1 7524 14 135 801 148 1 1 952 1 1 1 7 5 1 41 1 11 7 1 3 28 183 6823 1 1 120 2 1 4 2 587 1 1 221 4 7 5 1 1 1 7 3 1 25 1 219 9 836 1418 1376 41 2 1 12 7 39 532 12 122 86 3584 152 1 1 1 47 168 27 975 1 1 1 1 1 18 14 1 1 1 64 49 9810 1 2 166 227 3 1 61 1 1 1 1 10 68 10 1 1 4 22 1 9 19 58 2 3 1141 1 20 4 1 1 20 643 1 1 14 1 1 1 1 1 1 6 3 30 1 13 450 1 2 18 1 1 1 1 2 2 2 13 1 1
1 292 926
2 537 2
2 303 77
2 215 115
1 593 967
1 617 973
1 13 696
1 26 424
2 380 10
1 543 966
2 131 2
1 552 860
2 887 1
1 12 1000
2 169 18
2 351 14
2 580 7
2 751 584
1 420 455
1 443 707
2 994 1
1 360 795
1 251 757
1 28 874
1 432 984
1 569 781
1 267 989
2 662 1
2 73 109
2 888 23
1 688 775
1 473 515
2 26 1
2 387 9
1 317 358
1 64 377
2 21 2680
1 29 896
1 127 285
2 962 34
1 19 454
1 530 985
1 148 337
1 99 983
1 18 755
1 205 922
1 23 963
1 642 888
2 329 353
2 497 5
2 724 174
1 30 764
2 207 1
2 59 4
1 533 570
2 670 74
1 42 982
1 62 986
1 141 561
2 246 1
1 222 970
1 7 967
2 658 109
1 594 792
1 478 587
1 417 785
2 97 566
2 701 61
2 687 1
1 53 441
2 632 36
2 76 1292
1 165 910
1 353 892
2 846 1
1 372 613
1 120 915
2 656 5530
1 249 975
1 332 863
2 947 1
2 290 32
2 154 38
1 573 712
1 457 637
1 469 938
1 492 711
2 444 833
1 481 793
1 109 653
2 858 4655
2 302 19108
2 622 30495
2 849 15
1 99 946
2 57 31
1 1 990
2 243 69
2 261 2
1 497 637
1 14 939
2 91 1
1 363 764
1 77 910
1 41 976
2 610 6
2 739 216
2 173 1530
2 101 7
2 883 63
1 100 391
2 571 44
1 370 629
1 265 718
2 135 3
1 334 777
2 505 3406
2 802 10
2 912 3
2 631 74
2 842 9023
1 147 958
1 460 916
2 471 235
1 369 915
2 980 1
2 262 2
2 557 25
1 278 985
2 492 1
2 938 18
1 28 871
2 918 3960
2 78 13
2 813 2
2 123 92
1 617 664
2 834 89
1 65 960
2 403 3
2 173 457
1 687 747
2 772 60
1 937 992
1 331 958
1 173 331
2 537 16
2 48 3440
1 230 936
2 573 2
1 576 768
1 141 195
1 42 600
2 667 39
2 436 110
1 372 505
1 125 968
1 243 895
1 572 985
2 107 2
2 531 103
2 499 64
2 438 2
1 175 819
2 149 10
1 608 969
2 701 63
1 291 936
2 75 186
2 605 24
2 97 509
2 461 1
2 619 2228
1 61 452
1 238 662
2 360 121
2 455 3042
1 712 871
2 403 5
1 56 937
2 30 1
1 2 683
1 220 484
1 24 175
1 10 721
1 242 344
2 888 216
2 509 146
2 488 8629
1 11 948
2 976 1
2 709 3
1 328 914
2 297 1
2 377 1
1 117 985
2 323 4
1 2 890
1 20 927
2 717 265
2 430 12
1 122 662
1 269 549
1 153 567
2 770 114
1 320 964
2 850 44
2 40 4
2 263 1
2 423 31
1 831 885
2 810 58383
2 487 1972
1 45 889
2 435 159
2 659 5
1 1 958
2 794 13
2 210 85
2 42 1
1 146 266
2 187 12
2 567 1906
2 443 268
1 49 872
2 767 1
1 265 658
1 209 956
1 14 817
2 601 27
1 502 538
2 9 14
1 542 794
2 436 171
2 467 256
1 39 981
1 135 534
1 129 179
2 390 19515
1 199 839
2 580 2
1 60 940
1 215 542
1 10 945
1 44 741
2 614 1106
2 107 1
1 110 314
1 296 606
2 319 3
2 209 36
2 796 202
1 15 605
1 20 997
2 15 26
2 380 26
2 728 18204
1 506 725
1 401 450
2 684 2
2 852 17
1 113 820
1 290 883
1 6 946
2 292 162
2 663 32
1 147 887
2 962 38
1 298 821
1 160 926
1 174 293
1 224 590
2 320 74
1 498 521
2 989 1
1 213 525
2 170 26
1 57 660
2 222 193
1 70 950
2 432 205
2 47 7256
2 662 26
1 556 895
2 500 2
2 473 415
1 606 851
2 272 1
1 405 854
1 1 817
1 109 512
1 225 996
2 297 1
2 726 701
1 40 175
2 337 1
2 103 522
2 581 3
1 83 830
2 979 2
2 181 610
1 85 800
2 94 83
1 57 643
1 278 769
1 76 796
1 293 932
1 186 689
2 78 12
2 997 3
1 77 321
1 138 955
1 393 452
1 74 489
2 831 18
1 122 791
1 109 858
1 771 924
1 118 917
2 964 365
2 431 116
1 1 423
2 768 7892
2 528 132
2 163 171
1 183 802
1 310 699
1 94 315
2 178 13
2 631 4
2 461 2
1 242 909
1 133 496
1 69 562
2 481 1260
2 879 122
1 1 933
1 242 962
1 478 509
1 574 980
2 418 1163
1 393 662
1 163 769
2 73 2
2 186 15
2 340 54
1 886 986
2 481 1756
2 190 1686
1 290 821
2 334 1
1 105 909
2 217 20
2 633 19
2 327 295
2 998 7
1 39 184
1 684 916
1 630 659
1 61 981
1 17 535
1 223 939
1 174 968
1 156 487
1 14 495
2 189 473
2 543 18
1 737 784
2 315 180
1 690 726
1 733 773
2 181 125
2 846 2
2 500 1
1 455 629
2 772 21
1 30 666
2 422 20
1 316 915
1 244 416
1 360 451
1 19 971
2 11 2
1 518 859
1 63 886
1 68 283
2 278 1446
1 24 982
2 327 282
2 908 245
2 898 7
1 3 998
2 541 3
2 744 19
1 557 980
2 752 495
2 775 34
1 155 358
2 450 508
1 210 292
2 826 35
1 951 956
2 822 115
1 424 888
2 218 5519
2 380 51
2 589 943
2 373 2617
1 501 721
2 402 2614
2 754 88019
1 170 661
1 297 422
2 341 3737
2 72 46
2 591 9
2 229 259
1 331 704
2 619 1589
2 404 1
2 397 83
1 9 351
1 20 628
1 96 990
1 39 593
1 10 951
1 599 705
2 77 988
2 53 40
1 10 398
1 426 669
1 15 956
1 112 849
2 177 14
2 534 2
2 798 27
1 77 872
2 951 11
1 142 960
1 95 947
1 339 668
2 136 1
1 175 955
2 632 39
2 942 82
2 643 2175
2 891 38
2 336 1
2 20 1906
1 194 897
1 69 299
2 141 12
1 401 963
1 99 449
1 365 639
1 675 827
2 422 6
1 160 214
1 198 532
2 717 201
2 858 1010
1 845 910
2 474 357
1 517 652
2 137 13
1 686 789
1 443 822
2 389 35056
1 278 446
2 784 166
2 492 1
1 25 928
1 241 568
2 517 3221
1 137 417
1 131 740
1 190 980
1 22 889
2 636 13
2 924 106
1 459 900
2 13 31
2 265 113
1 99 255
1 9 825
1 395 613
2 731 1
2 243 222
1 805 936
1 437 627
1 388 836
1 322 509
1 518 746
1 269 933
2 613 2681
1 380 973
2 958 10
2 444 282
2 174 4511
2 92 2426
2 251 1740
1 33 519
1 164 260
2 511 1373
2 474 244
2 466 800
2 475 46
2 929 1
2 161 1
1 131 790
1 673 888
2 808 278
1 61 307
2 363 2
1 480 902
2 526 1
2 658 544
2 81 1
2 276 2
1 173 886
1 17 697
2 243 349
1 21 332
1 956 977
2 829 2
2 381 103
2 859 8350
2 732 1
2 750 4131
2 173 9484
1 745 821
1 317 957
2 36 2
1 9 986
1 12 995
1 246 373
2 665 250
1 114 162
1 18 948
2 807 278
1 151 350
2 366 3
2 549 5
1 605 970
2 474 59
2 77 108
2 508 231
2 976 1
2 579 14
1 17 851
2 710 1
2 876 4
2 434 153
1 312 955
2 31 20
1 67 988
2 64 7
2 964 743
2 211 111
1 216 832
1 138 695
2 772 245
2 999 1
2 19 550
2 286 3980
2 302 25531
1 92 738
1 153 565
1 672 676
1 134 705
1 47 591
1 53 890
2 42 1
2 193 16919
1 50 90
2 919 779
2 907 199
1 391 781
2 814 1
1 401 746
1 573 883
1 164 985
1 271 550
2 755 50
2 33 16
1 649 846
2 93 1490
2 921 1
2 279 1077
2 204 21
2 173 602
1 95 990
2 835 7
2 626 800
1 43 861
1 60 962
2 553 190
2 834 17
1 571 863
2 328 166
1 351 744
1 16 992
1 23 965
1 285 643
2 879 23
1 457 624
1 300 526
1 135 253
2 581 8
1 89 500
2 98 188
2 205 1199
1 115 333
1 302 923
1 697 797
2 357 920
2 884 124
1 308 815
1 111 991
1 156 736
1 225 430
1 692 964
2 266 8
1 121 812
2 623 2835
2 293 62
1 261 807
2 994 1
2 311 16
1 512 696
1 128 799
1 62 601
1 246 320
2 720 1
2 195 7
2 817 9
2 539 546
2 474 147
2 251 581
2 475 2
1 12 993
2 700 404
1 125 912
2 127 14
1 173 942
1 369 836
2 709 2
1 855 989
1 549 555
1 16 991
2 346 28
2 658 1261
1 511 995
1 239 757
1 304 757
2 736 10
2 995 1
2 273 87
1 913 974
2 137 61
1 49 840
2 460 156
1 4 867
2 347 18
2 975 2
2 954 11
1 67 980
1 299 641
1 114 990
2 989 16
1 88 939
1 376 595
2 276 26
2 302 65967
1 578 784
2 350 2044
1 163 700
2 948 1
2 52 6
2 411 2
1 314 940
2 360 813
1 396 628
1 139 142
1 297 493
2 884 86
2 96 1974
1 244 804
1 669 990
1 37 801
1 341 965
2 992 1
2 402 27233
1 235 941
1 56 179
1 327 551
1 121 983
1 56 67
1 1 999
2 797 445
2 275 2029
1 62 286
2 342 4331
2 617 6673
2 266 3
2 334 1
2 32 69
1 123 761
2 668 42
2 635 8
2 148 1
1 39 240
1 16 978
1 437 624
1 512 760
2 422 1
2 769 8748
2 193 28337
1 661 670
2 466 1236
1 513 665
2 129 1
1 175 840
2 18 602
1 142 410
2 486 1611
1 71 122
2 545 1
2 575 1973
1 610 633
1 371 531
2 813 1
2 61 1
1 66 862
1 59 550
1 333 423
1 621 1000
1 102 250
2 242 159
2 113 3
2 824 8
2 34 1
2 522 2232
2 369 1552
1 323 998
2 754 47082
1 132 887
2 442 54
2 851 31
2 717 98
2 32 180
2 750 3947
1 57 679
2 577 642
1 291 668
2 117 4011
1 232 446
2 591 73
2 904 24
2 181 1245
1 17 756
2 769 19409
2 915 542
2 472 19
1 512 843
1 302 712
1 218 893
1 103 871
1 13 603
2 82 1
2 95 2233
2 522 7842
1 302 978
2 193 23775
2 779 3266
2 400 2
1 96 982
2 715 11
2 453 150
1 373 867
1 520 825
1 134 914
1 169 311
1 245 854
1 38 958
1 193 616
2 144 19
2 529 6
1 586 807
1 29 870
2 426 90
2 179 2
2 113 4
2 308 4
2 102 461
2 825 25
2 356 1441
2 853 13
2 679 1
1 239 547
1 602 664
1 24 935
1 144 929
1 482 877
2 8 11
1 468 701
2 770 17
1 36 786
1 59 485
2 904 185
1 29 994
1 698 971
1 396 812
1 125 451
1 123 608
2 773 18
2 936 1
1 50 636
2 809 33499
2 795 77
1 468 627
2 833 178
2 449 1211
2 533 4
1 647 837
1 865 919
2 496 6798
2 284 74
2 675 1
1 311 494
2 798 29
2 868 1
2 734 2687
1 27 986
2 320 11
2 80 517
1 113 980
2 429 13
2 303 53
2 534 3
2 605 272
1 349 878
2 241 145
1 27 984
2 439 1
1 465 830
1 77 661
2 129 3
2 929 2
1 365 660
2 172 2024
1 382 463
2 593 4763
1 35 864
2 924 19
2 302 10952
1 149 859
1 269 392
1 767 802
2 459 1286
2 80 1296
2 810 1471
1 323 993
1 496 596
2 975 16
2 941 29
2 35 6
2 211 128
2 531 218
2 619 135
1 681 905
1 317 906
1 71 637
1 232 618
1 53 968
2 228 1223
1 66 574
1 208 805
1 237 916
1 223 991
2 88 1
2 318 1
2 640 20
1 699 913
2 224 17
1 237 514
2 602 2
2 58 2
2 104 1002
2 744 31
1 153 836
2 761 2
1 58 968
2 522 17100
2 303 16
2 241 10
1 795 999
1 31 934
1 337 978
1 141 248
2 977 1
1 154 724
2 560 529
1 24 366
1 118 621
2 998 12
2 961 8
2 409 236
2 326 194
2 517 265
1 294 311
1 54 853
1 174 931
2 670 6
1 146 597
1 258 361
2 489 1009
1 289 872
2 649 8
1 108 1000
1 53 414
2 165 3
2 503 14197
2 882 7
1 141 950
2 566 2209
2 641 1
2 727 5423
2 301 73476
2 214 52
1 253 979
1 480 613
1 413 902
2 376 762
1 17 931
2 691 3
1 61 809
1 173 770
2 404 2
2 660 10
2 590 1513
1 272 867
2 692 5712
2 204 174
1 107 952
2 827 37
2 471 625
2 17 636
2 487 5352
1 405 628
2 116 10130
2 25 1
1 532 878
2 940 9739
1 207 943
1 561 765
2 429 3
1 516 576
1 93 962
1 39 990
1 472 949
1 936 989
2 135 2
2 124 636
1 280 956
2 119 20
2 182 20
1 44 860
2 729 15998
1 67 923
2 333 7
1 431 948
2 344 436
2 67 109
1 32 950
2 146 2650
1 34 986
2 327 841
1 464 992
1 161 892
2 31 217
2 52 4
1 86 950
1 153 703
2 643 7
1 349 813
1 450 992
2 443 428
1 285 383
1 127 261
2 589 1972
1 105 988
2 130 6
1 310 860
1 19 929
2 756 4
2 249 167
1 76 824
2 671 17
2 573 1
