21591713
10534918
10445336
13520895
5120465
11107739
10241435
24847172
47892
3091684
16503260
16870469
23932270
12934119
6221497
22365736
907448
128201
37629
3715910
24072646
675994
5295057
11150044
1929146
24563555
19262757
22242752
24733963
6110046
19184348
92309
24758480
24622261
6263276
22479181
24835659
6084792
981240
8638333
4993116
23368485
20272084
2819330
23523012
22441798
20197269
851694
2240636
11807989
2458532
7910176
12818027
25806711
26120760
1920952
25551920
15338307
25223219
26030319
5028310
8317351
13183614
15549577
25677733
11975609
19700095
23890146
25468293
395939
26125274
335665
36777
21227377
1885901
23468973
5086995
300486
9078691
1907932
25699855
23300674
10918663
23037915
10673701
23149308
6387183
12229104
5691527
25606356
14860961
4983733
864615
15883065
474454
26560190
20595190
26066088
25907918
26046893
13943135
5730644
7995287
21222810
264592
25762933
26502764
609954
25251762
12120445
24225743
24143847
107769
6618876
26445360
7480606
170736
21884455
26039953
6157740
26491838
16551264
2411229
6226427
9153325
26526367
2397537
200064
23597371
22901093
26472404
24910723
21193487
24921006
1456652
6546705
45423
6104062
14373076
26017145
10533532
9668772
12485416
24150606
7751304
23921154
893560
23646641
21371036
14104567
18129928
21382764
23030680
13645043
2473554
25568808
201713
7318981
20930887
25101068
3214663
24956402
6769074
20647437
9704686
2438599
23217521
6918809
8013118
25979082
23844014
140823
10828275
8188800
19805705
131148
21196502
25308732
900219
5881492
34490
26032661
8397814
23359418
25409731
6578640
7803491
1115094
115337
222691
2721410
14768572
20542200
4016479
1446135
26508317
10681406
25343427
1110554
26436632
26519923
11208930
2084577
474707
0
12551852
3232224
13733794
3805551
9690983
3123137
14542771
26893684
9059409
27382567
600340
6209871
3037506
27381821
25915644
26107703
26452048
26857938
9508010
26177168
24444884
2091212
20738379
6304316
9141511
4157736
182238
6102045
180267
1087224
1855487
10836500
4086489
26771469
6380954
5701064
15660993
26163480
26701217
11986640
936928
25008577
2533519
1842684
2744432
18836081
2954432
3108196
24115712
21211124
8249951
540234
21854739
5862674
2531740
11834926
25672301
15015100
3021045
4032
3419830
22139723
27506638
27512532
2490316
207259
27476197
2138454
10680536
26468148
22140260
27046700
22703886
14114823
16625176
8521798
0
14629096
9577382
35942332
20837
16074135
9962360
10258027
37842402
6190813
5993157
38357422
38003838
38409898
10118412
11197594
38875270
38791144
12321076
2191915
5916307
617237
9703202
4285210
33565519
1785466
19691614
38326811
17926974
4639223
6614312
35514575
29557728
1487501
33230613
11064113
308980
38868863
37363849
37779017
18977743
794505
402
38868174
11976063
28506604
16299970
115777
36160859
38079722
38424506
12703502
38319323
37899580
2987366
6495770
16941499
22133390
8514132
0
5329844
59381658
6643025
63785930
22143330
64060438
621305
3150064
67702789
1392
68588506
1255304
61828662
1378949
68565650
2764351
6123674
337
1345803
68108813
13851091
102655
146506
2230321
70393290
16094928
1506092
10923164
935078
31790378
70074836
23092824
15675339
7404299
65995484
11007462
15832252
63728835
70515457
17474841
63714940
73871839
30053496
10118563
72643155
9375857
62987014
74276978
18702546
6502446
73527432
9185620
438261
73819265
72759337
12194770
2582814
69616077
18074022
74314257
6493796
27864535
16610033
19047523
25599408
2121282
4493771
162894
2551322
74263747
73792622
30788141
74262721
10567919
25858308
9986620
1336649
73464782
77222044
3664055
364535
31700030
1019029
5909336
31065728
25583343
14393672
78841811
19593072
64634843
68309938
68949950
5850773
8812557
75537267
78837891
2489999
78680928
31663954
569520
26057053
12726124
23591309
6013
77790816
77461874
21027692
610677
67816958
78708491
17123554
78069938
68842200
1125450
14732797
78653935
75046053
72575941
67989461
78569849
4533221
10891412
69988006
5804670
580812
79474184
79895807
15374763
35442
69537996
78260077
78194622
15977961
79849364
79870659
15438455
77213944
79457978
25110574
29019273
15984790
2356077
667442
79419380
30845240
78611611
76208745
