1522168
8832003
49620
258795
8802135
10464759
8810240
1991513
2550698
10528635
9087936
8738959
7341565
3170151
10619927
8845902
7114875
2700166
0
10673752
10625269
3354444
8964785
8839813
10528770
9434164
9219677
10665454
7976
735168
1144756
4582458
9116589
7927059
7666829
10619743
195247
11601
6046
363321
10664523
704605
311238
7510857
289737
8784420
1145
10506779
7629450
649410
9308513
9018594
10688426
10391389
7148886
10691982
8098914
9044030
2483635
74419
96022
10638049
182219
10494041
9403021
2627445
121614
2630717
7641602
4333473
2570174
7387853
846634
8316655
10564709
1200694
7
11161060
1665
12859972
7184373
12670939
11188422
1876995
269904
9035606
9268501
324680
12588476
12815674
7380285
7553338
12728012
9468831
12909532
7136698
1594889
10997180
7598488
2524250
10921269
9306240
1809422
11269790
7166654
12727605
12798259
9442415
2269957
7830420
12724775
12624119
7752381
5351310
9252996
11210481
12639475
4551025
8859970
652670
188820
1218561
7114468
507650
2392218
7478617
5412127
12645573
11074403
12886222
1497875
12711308
2581832
19331
216862
7804792
5584
832422
12581176
7342403
11086053
9465759
6279279
12755574
58510
12734838
2938558
4287380
12693827
181715
463509
381616
308475
2819692
8248884
3286885
12694008
7792075
2067316
6256935
6274245
11046907
12881900
785668
316669
4019181
5093021
1792213
3114420
12680212
9298975
13009301
4117922
6390321
3726643
9352072
12578021
12715000
2842344
11536560
8638763
422
12533744
5288438
10811412
744017
7816626
12869933
2946425
951748
12994028
9574499
70670
8988615
11024154
2900785
583414
1280089
758865
8287597
802373
0
11057820
7739790
11691151
9092534
836241
58855
12577699
1483116
12665745
932594
1028229
8944670
11215992
2459090
9414380
4195253
7096655
11043730
937999
0
3
3005453
1451307
8774
2691095
2566869
7505782
399337
10843021
12873487
10977547
12971832
11528019
9693944
231533
63835
4615152
59805
10898453
9127465
1226
6238050
9404096
2750691
11653525
6240962
64541
9182170
11074870
23574
4592215
9450189
9395819
12972445
519484
4146959
11011057
43948
12541219
12970527
2176955
7067550
7842304
2750668
12639737
113338
9088468
27067
883085
7879866
814544
9669256
11188531
9447099
829090
12860611
12968902
11174987
11128740
9135150
12855871
859107
1367889
149044
11753370
54010
12856920
12645533
11591606
1445991
12681380
3996280
10928742
12645338
8259118
1033190
11093109
12972544
3059341
2231664
18321
10793577
6429102
7252418
8790805
117720
12958181
254415
9080327
