1000 1000
1 1 1 1 1 1 5 3 1 12 1 1 1 1 1 1 95 1 41 14 1 1 16 1 18 6 3 1 1 1 328 1 11 245 1 1 1 21 1 2 131 1 1029 1 57 37 1 1 1 1 2 1 4 37 12 1 3 109 7 1 16 1 29 7 6 17 1 1 1 3 1 196 22 710 1 1 1 42 15 1 1 1 14 1 5 1 3 80 1 8 1 3 1 7 1 1 1 5 1 1 13 77 7 459 227 1 2 26 3 9 1094 1 226 1 1 1 184 26 104 175 2 690 1 76 7 52 1 1 3 1 10 1 1 478 2 187 38 1 7250 1 1 299 20 869 1 1 1 1 124 1 1 1 1 50 1 1 1 2 108 1 1 1 1 1 1 1 25 342 14 3 1 2 46 907 6 1 5 15 1 918 6 3018 2 1 2 13 50 1 5 1 12 34 7 1317 83 8 3 5 1 6 1 2 1 5 2 194 88 3 1687 7 67 21 14 4 580 1 1 1 1 932 2 874 1 127 15 217 63 1 10 1 115 10 1 6 7 1 900 4 413 24 1 1 1 1 1 1 20 60 142 242 359 4 130 9 2 768 963 69 2 1 4 1 271 1 1 10 1 311 724 1 289 1 1 2 163 3176 1 1 2 2 1 68 1 99 1 1754 1 65 4 46 1 1 441 1 1 1 2 45 1 113 1 1 1 34 109 41 4 20 1 1 1 9 98 1 65 6 48 932 1 874 2 250 1 166 656 60 3 512 1 2331 1 2435 1 1 2 1 1 10 1 77 4 3 29 1 1 59 3 1 1 4809 1 1 1531 2 1 1 3179 29 841 527 1 471 1 568 9 371 2 2070 1 8 1 1916 28 65 388 75 345 818 1 336 8 12 2 1 1 1 232 1 3 1 455 1 10 28736 1 12 1 5 4 4 1 3 12 425 14 122 17 13 12267 1 1 12 2 2 250 7 30 164 1 2 1 1 1 1 1 321 68 11 1335 1 1 156 16 1 4 71 4 22 2 1 20 10498 1 191 643 1306 4 4903 25 1047 2 1 399 51 1 16 1 170 1 15 2 143 1342 1 1 12 1 1494 29 9 7767 1 4 14 4 1 1 170 6 203 183 14 215 1 1702 1 210 87 1 499 1 2 2 7 1 5 3 19 74 20 20 54 7 3 46 1250 1 1 1 454 530 14 353 1 1 102 2438 3 2 5 1 292 1 1 338 35 401 2 99 5 3 2 4 1 3 1 1 1 1 1 1 2 15 14 37 316 1 1 29 12 1 1 210 5 20 357 1 2816 1 511 1 91 152 39 11 11 37 1 64 22 15 6 11077 1 3 527 1 1 1 1 2 477 1 5 5 1 4 1 1 2 16 2 1 36 80 622 1 140 537 10 1 96 2 69 140 1 20 870 4 5 30 3 1 4527 1 1 1 1 1 1 23 1 1 4 1 1 48 6 10 4 3 17 1 11985 1 648 4 6 50835 2 393 1 34 8 1 3 48 18 1 13 2 363 311 18 219 1 34 60 70 50 19 1 1 27 1 2 1 63 743 10 1 6 1 1 1469 34 9 26 1 66 23 1 2 27 25 668 10 465 1 5 6 1 4 91 2 1 2 1 1 4 1 273 32 8 1 22 5 1 95 17 1 72 1 2 2400 1 46 4 32 1 1 74 1 1 1 1 2 1 1 6 1 141 2 10 274 1 1297 1 26 4 1 17 854 2 33 1 24 3 1 6 909 3 1 1 1 3 15 525 2 1 2 2 1170 448 3 1 3 1 1 1 73 3 1 7 1 1 6 46 4 1 20 7 1 205 5 2 5 2 6 1 11 9 1 4 3 5 1 1 1 1 2 1 1 3 1 1 152 1 1 7 1 1 1 1 1 109 2 2089 3 4 79 1 66 1 2 34 1 1 1 1 5 14 1 1 2 257 2 1 15 9 73 15 73 76 1 1 1 9 369 3 1 2 1 1 1 7 1 4 3 18 17 55 14 1 2 2 4 26 1 1 17 1 40 8 7264 1 1259 1 1 1 107 175 1 3 1 1 150 1 1 2 19 1 1 17 1 2 1 1 1 3 1 95 11 19 4 1 1 68 1 6 4 1 41 21 136 1003 4 175 1 216 5 9 54 17 6 320 1 1 4 1 1 13 3 1 16 6 1 1 1 2807 1 3 1 1 137 695 225 1 2 1 1 4 73 1 1 75 1 287 61 1 13 20 1 1 21 1 1 1 2 1 1 2 23 77 1 1 3 1 284 1 1 14 1 31 139 2 2 1 1 109 1 3 6 1 3 9 1 1 1 2
1 470 678
2 910 2
2 339 33
2 701 215
2 818 1931
1 366 950
1 474 521
2 801 1
1 622 755
1 347 909
1 100 938
2 376 307
2 53 29
1 45 682
2 734 284
2 654 32
2 108 15
2 977 3
2 808 1
1 82 422
2 110 310
2 613 448
2 40 48
2 291 1
2 941 2
2 781 11
2 864 2
2 639 11931
2 705 21
2 173 331
2 508 1
2 432 7
2 404 250
1 96 499
2 889 2
1 2 916
2 679 16
2 804 2
2 440 18
2 922 2
2 77 47
2 71 101
2 295 1
1 223 917
2 222 671
2 748 2
2 79 8
2 472 2
1 100 652
1 343 798
2 501 3
1 458 895
2 27 1
2 856 8
2 777 17
2 360 487
2 603 78
2 982 14
2 101 42
1 45 942
2 42 484
1 327 915
2 627 32
2 908 17
2 920 48
1 339 663
1 8 528
1 760 763
2 512 217
1 34 994
1 50 961
2 212 8
2 354 1
2 232 6
1 455 983
2 974 82
1 103 801
2 501 28
2 92 3
2 568 50
2 294 1
1 363 988
2 522 45
1 11 935
1 93 821
2 626 84
2 20 7
2 473 12
2 510 22
2 89 8
2 562 27
2 819 2
2 854 1
2 244 1
2 140 1
1 249 979
2 529 43
1 41 966
2 848 427
2 387 240
1 695 736
2 112 86
1 345 467
1 273 498
2 367 2395
2 299 35
1 119 637
1 199 885
2 749 6
2 268 480
2 998 1
2 113 144
2 408 5991
1 286 858
2 384 1
2 377 273
2 215 455
1 186 767
1 47 981
1 824 964
1 929 983
2 213 5
2 609 2
1 580 597
2 804 3
2 576 246
2 740 4
2 168 348
2 854 1
1 735 927
2 479 187
1 1 996
2 76 12
1 640 940
2 721 13
1 603 722
1 251 724
2 111 1066
2 954 1
2 921 3
1 73 258
2 829 1
2 380 353
2 946 112
2 105 80
1 380 949
2 530 2
2 326 48
2 900 3
2 223 39
2 645 3
2 868 27
2 525 277
2 336 1
2 809 8
2 437 2
1 310 321
1 11 894
1 218 811
2 78 20
2 154 28
1 712 985
1 192 978
2 1 1
2 288 14
2 379 208
2 355 1
2 114 1
2 479 4
1 307 958
2 203 2
2 843 4
2 537 1
1 14 977
1 116 895
2 100 28
2 122 160
2 931 15
1 375 774
2 223 61
2 341 1
2 827 1
1 2 989
2 99 4
2 833 1
2 917 53
2 232 13
2 616 1
2 317 907
2 217 1
2 309 1
1 212 828
2 7 2
1 40 805
2 912 27
2 135 37
2 349 1305
1 519 917
1 679 784
2 932 12
2 280 2
2 296 1
2 227 6
1 592 637
1 63 968
2 17 5
2 515 114
2 937 1
1 871 967
2 754 1
2 284 35
1 65 916
1 121 822
2 772 1
2 115 1
2 366 126
1 36 494
1 454 550
2 191 1
1 19 498
2 471 8084
2 492 1
2 319 99
1 192 761
2 861 30
1 456 937
2 303 19
1 573 960
1 235 682
1 592 838
2 856 14
2 476 1
1 142 857
2 567 14
1 113 963
2 220 118
1 172 461
2 902 19
2 785 3
2 139 8588
2 804 4
2 616 1
2 416 16
1 907 911
2 506 314
2 68 1
1 21 715
2 281 80
1 15 35
2 501 3
2 252 63
1 28 981
1 366 781
2 104 29
1 40 879
2 216 2
1 1 740
1 215 562
2 734 24
2 150 1
1 353 411
2 432 54
2 402 7
1 270 939
1 161 875
2 43 363
2 896 2
2 567 1
2 513 180
2 720 12
2 842 42
2 621 19
2 706 18
2 616 3
2 355 2
2 533 1
1 491 630
2 928 3
2 626 6
2 903 4
2 773 5
1 134 924
2 937 1
2 187 17
2 178 2
2 850 1
2 284 20
2 756 3
2 527 303
1 67 993
2 43 516
1 290 790
2 368 1349
2 166 7
2 282 51
2 560 471
2 659 4
1 238 768
2 137 27
2 639 16163
1 135 971
1 144 965
2 44 61
1 33 967
2 592 1
1 324 662
2 144 501
1 233 474
1 46 695
2 5 1
2 946 55
2 198 3
2 584 1
1 193 723
2 484 1359
1 315 610
1 79 653
2 482 104
1 140 899
2 254 9
2 738 27
1 253 564
2 574 2
1 14 776
2 565 1
1 369 790
2 512 197
2 257 830
1 23 885
2 214 377
2 431 242
2 294 1
1 55 941
1 163 949
2 73 194
2 888 1
2 169 7
1 379 579
2 165 4
2 248 13
1 332 841
1 33 878
1 59 899
1 159 726
1 7 507
2 4 2
2 376 252
2 210 50
1 215 956
2 690 2
1 41 731
2 642 23
1 83 923
2 745 5
2 328 48
2 100 23
2 324 312
2 94 1
2 798 1
2 259 1
2 328 399
1 92 464
1 311 925
1 697 996
2 233 5
2 98 1
1 869 990
2 683 8
2 30 219
2 17 38
2 263 282
2 964 24
2 341 2
2 296 1
2 286 146
2 70 39
2 645 1
2 184 1
1 443 606
1 391 761
2 610 7
2 566 23
2 690 1
2 755 6
2 885 1
2 646 31
2 836 73
1 65 311
2 393 13217
1 571 913
1 263 723
1 51 561
2 567 1
1 62 921
2 224 96
1 123 802
2 227 15
2 404 560
1 6 940
1 302 530
2 456 4
2 923 22
2 640 393
2 954 1
2 312 66
2 606 22
1 23 897
2 878 1
2 212 7
2 516 2656
1 479 892
2 32 4
2 706 6
1 343 363
1 53 195
2 855 5
2 689 3
2 748 2
2 435 18
2 160 1
2 465 3
2 947 96
2 375 26
2 737 243
1 145 787
2 826 14
2 639 69921
1 211 226
2 246 1
2 485 1938
2 369 6
1 609 835
2 288 78
2 617 1
1 101 888
2 839 7
2 362 500
2 531 2
1 241 672
2 266 11
1 112 790
2 413 1
2 209 1034
2 827 2
2 132 1
2 599 598
2 560 1006
1 141 952
1 54 590
1 110 967
2 274 147
2 634 4896
2 814 1
2 698 1
2 19 20
2 137 2
1 100 143
1 32 926
2 605 68
2 258 71
2 835 10
2 759 2
1 148 598
2 245 1
1 23 409
2 613 4681
2 609 3
2 833 1
1 2 881
2 512 72
2 940 2205
2 3 2
2 129 1
1 339 403
2 955 85
1 705 895
1 716 921
1 664 865
1 469 802
1 174 826
1 465 833
2 867 17
2 67 2
2 724 1
1 3 885
1 154 809
2 134 75
1 151 568
2 718 25
2 955 1
1 88 586
2 849 232
2 690 1
2 756 4
2 442 5182
2 660 37
2 682 9
1 44 584
2 474 13
2 738 1
2 91 6
2 89 1
2 687 126
2 819 2
2 700 64
2 131 9
2 973 74
1 106 729
1 88 956
1 713 974
2 181 1610
2 292 92
1 154 321
2 629 3
2 290 18
2 213 426
2 456 8
2 298 11
2 259 2
2 303 2
2 589 1
1 44 395
2 366 590
2 450 248
1 402 911
2 165 2
1 619 934
2 497 5
1 148 632
2 97 4
1 36 877
2 29 105
2 944 46
2 682 1
2 286 1785
2 825 26
2 298 20
2 745 5
1 157 916
2 910 3
2 944 21
2 588 1
2 770 79
2 273 124
2 955 13
2 153 83
2 203 1
2 117 71
2 551 1
2 528 155
2 271 68
1 1 980
2 619 1
2 680 5
2 337 7
2 408 3615
2 988 1
2 770 6
2 252 61
2 675 158
2 272 135
2 709 19
2 768 1
2 17 53
2 548 7
2 296 1
2 480 13
2 17 6
1 20 395
2 527 202
2 731 151
2 479 18
1 112 624
1 416 822
2 913 23
2 494 3
1 233 971
2 211 38
2 323 93
2 141 206
2 254 5
2 784 53
1 56 915
2 821 43
2 141 51
2 863 10
2 319 185
1 27 939
2 76 27
2 766 2
2 183 1
1 204 585
2 785 5
2 20 9
1 118 868
1 358 900
1 818 834
2 419 1
2 129 1
2 582 492
1 130 937
1 56 521
2 119 69
2 349 2071
1 130 665
1 375 452
1 317 858
2 217 1
1 91 966
2 263 50
2 951 4
1 431 636
2 975 1
1 570 797
1 42 975
2 260 2
2 355 2
2 767 2
2 431 22
2 294 1
2 462 1423
1 156 964
1 316 366
2 555 397
1 265 914
1 123 760
1 443 754
2 286 1689
2 233 1
2 664 2
2 747 10
2 530 3
2 449 615
2 802 1
2 184 1
2 768 2
1 43 276
2 552 21
2 572 4684
2 836 136
2 160 1
1 1 384
2 639 97017
2 677 7
2 974 37
1 529 655
2 680 28
1 195 824
2 281 37
1 505 634
2 511 18
2 444 290
1 112 115
2 233 1
2 225 232
2 309 1
1 102 742
1 211 800
2 980 1
2 389 3
2 296 3
1 36 866
2 428 816
1 322 947
1 53 305
2 342 8
1 709 773
2 196 3
1 82 930
1 521 843
1 3 893
2 669 65
2 650 7
2 826 9
2 871 2
2 84 4
2 518 1
1 67 346
2 601 7
1 28 331
2 720 1
2 822 27
2 526 427
2 212 378
1 364 954
2 601 51
2 725 1
2 780 4
1 19 807
1 329 576
1 155 934
2 534 1
1 58 441
1 316 666
2 228 11
2 515 2782
1 62 719
2 904 1
2 450 427
2 243 2
1 25 310
1 692 695
2 260 2
2 283 82
2 660 33
2 723 1
2 836 473
2 288 80
2 353 167
2 774 8
2 699 69
2 324 16
1 531 533
2 569 1
2 80 1
2 98 1
2 397 5
2 441 1812
1 431 666
1 537 824
1 240 271
2 929 3
2 625 64
1 478 881
1 517 935
1 242 692
2 603 5
2 438 4
2 526 243
2 391 77
2 547 9
2 419 1
2 154 2
2 113 81
1 147 335
2 8 2
2 422 1
1 136 680
1 68 970
2 516 93
2 419 1
1 7 668
2 816 79
2 858 1
1 36 956
2 836 771
1 122 842
2 680 19
2 870 2
2 27 3
2 641 54
1 160 984
2 338 9
2 194 1162
2 333 1
2 800 3
1 545 618
2 551 9
2 941 1
1 259 325
1 450 995
2 500 38
2 461 433
1 558 601
2 371 259
2 133 605
2 810 6
2 102 63
2 420 2
1 79 679
1 241 884
2 72 11
2 354 4
2 803 9
2 818 315
2 841 6
2 834 4
2 708 3
2 106 1
2 438 25
2 159 13
2 512 34
1 794 817
2 16 163
2 714 1590
2 235 3
2 220 629
1 109 602
1 141 914
1 464 731
2 413 1
2 594 44
2 343 30
1 45 852
1 98 605
2 868 4
2 994 2
2 595 297
2 328 89
2 209 343
1 832 878
2 309 2
2 613 115
2 248 72
2 987 1
2 678 9
2 535 2
1 212 881
2 718 4
2 788 3
2 318 491
2 312 17
2 658 14
2 716 45
1 101 790
2 24 16
1 496 554
2 249 73
1 456 981
2 220 1860
2 654 152
1 255 988
2 355 1
1 156 909
2 866 19
2 419 1
2 636 609
2 488 25
2 33 184
2 925 330
1 18 993
2 184 2
2 539 1
2 480 10
1 694 934
2 880 122
2 164 1
2 631 1
1 89 426
2 123 32
2 215 370
2 11 1
1 135 780
1 286 327
2 686 479
2 705 12
1 62 889
1 30 985
2 518 3
2 666 2
2 867 38
1 604 984
2 446 682
1 378 737
2 914 81
1 301 828
2 990 65
2 594 92
2 626 12
2 96 1
1 534 952
2 689 4
1 42 879
1 236 319
1 310 950
1 285 317
2 834 1
1 515 669
2 961 9
1 164 729
1 557 695
1 186 999
2 617 1
1 37 782
2 961 3
2 704 32
1 254 984
1 522 685
2 806 77
2 544 27
2 608 1031
2 338 4
2 924 92
2 888 1
2 163 2
2 820 27
1 47 965
2 298 15
2 670 8
2 501 1
2 558 1530
2 76 6
1 8 985
2 411 4
2 990 40
1 21 758
2 473 5
2 992 2
2 113 272
2 733 156
1 33 727
1 226 895
1 58 952
2 627 30
2 105 348
2 516 20
2 420 4
2 111 679
1 646 944
2 695 1
2 538 1
2 499 16
2 273 16
2 654 15
2 264 1
2 364 270
2 338 1
2 416 2
2 343 31
2 408 1740
2 356 2319
2 122 914
1 319 483
2 825 20
2 424 1
2 420 6
2 408 116
1 445 500
2 572 7253
1 7 858
1 417 466
2 364 866
1 44 944
2 587 3
2 342 71
2 575 249
2 545 88
2 234 1
2 107 7
2 403 716
1 16 888
1 86 835
2 580 1
2 129 2
2 616 1
2 823 42
1 311 507
2 333 1
1 21 937
1 84 399
2 312 8
2 804 7
2 420 16
2 823 29
2 304 86
2 989 185
1 51 708
2 238 2
1 17 888
2 975 1
1 221 874
1 547 751
2 227 81
1 48 798
1 1 999
2 207 41
2 32 211
2 580 1
2 364 449
2 85 3
2 922 79
2 860 2
1 475 943
2 149 54
1 217 567
1 589 633
1 121 657
1 32 585
1 349 803
2 262 209
2 425 299
2 62 28
2 138 6475
2 187 16
1 318 939
2 148 176
2 370 62
2 737 308
2 649 3
1 177 248
1 6 952
1 537 621
2 66 16
2 917 111
2 902 117
2 773 10
2 397 1
2 919 122
1 302 996
2 5 2
