425776554519
485877077107
485866603807
481033157085
425707010757
481033157085
482958063178
481123562327
324107595813
486885130961
481745626735
329469219032
482477614394
485386275495
409064600240
486434980889
484977700659
423488241484
485344743473
482519146416
480535330300
383293131797
485425947380
355531843911
426365963674
480682905900
484697964035
484697964035
339062536870
484749969357
484697964035
344717034591
434678548543
419989867640
412181211845
484432279085
344845070720
475439942831
483881149653
481184023321
483684109586
374583258267
344884974474
444504818579
443490946941
483609144552
342798340949
381092324226
479217221048
485019441222
452740137810
387943616203
442377312042
412529808383
465945502719
478133922753
374083089549
358278712993
484601728341
481052936682
471175113579
442474483836
408763790805
443435557983
484246903441
462400469829
408574031856
377856632573
484246903441
378186024230
483474797649
464677819749
430294547207
355933709213
475589629331
365204481759
370039089544
478727250993
355982085064
371835132782
438162314329
477056366620
385153219263
478451795025
445113446587
453619428812
476609381830
357824266285
478128261730
482461046370
422698577603
477056366620
326631725188
369680006352
478138735030
331206718452
457323344742
387615109597
353223284928
379931509979
476003582957
476086169866
419027827035
477860302108
434373794598
477818890558
367605217919
480755308296
370317461541
475744227590
480414255580
346558887851
381925387181
477453709629
426515610233
477140649634
418662646106
337228191510
480414255580
480414255580
444952782029
328848296869
477547126501
481421428952
402024576992
430970163866
481462960974
480372723558
470405431654
480414255580
470405431654
480372723558
477140649634
425191075800
475022603985
447544267726
479773557809
479784031109
383890732615
392264001313
469626454450
475994629616
424162690277
479226703540
480590747881
480148002834
480445044466
408122876081
348322869446
372820422906
403131616305
381930005031
479039769558
419685268949
407138250189
476261014884
476209130034
479117670663
462929919489
479649207776
362462207997
343144650275
348824052092
475553481391
366614175793
391124097227
476550301935
478053567656
426518801557
479167700482
343481466804
439549557224
358779580068
382840699523
420645092355
398387159222
472246757809
471346160856
426416968697
448572723761
473122868346
473146058062
373959946597
395518373880
357577359218
476265393867
476306925889
472552672137
471503966743
423458985054
475898351053
352684028036
322022347485
473033319943
371292579421
448770577482
476250207587
476239734287
476291739609
471935765253
469049664717
472706956722
475939030646
322675730445
472706956722
463842897285
456230118958
468866387545
394836644926
332050368135
351875954509
471572166060
471248753237
469810799171
474480827161
387171765555
321662366711
434720322867
407319898492
464096317059
469677868015
413995543298
413254909140
469305236163
414653240001
470052592591
384508892560
469284612642
448653149194
467442199447
472245158593
472203626571
469326024192
468729774148
471281745263
391797833033
471328513935
325509200792
472291002235
467097901968
410506113625
394849696822
425923184069
471246673462
470242653140
326175785115
470242653140
321292164389
467685445375
470242653140
417979279518
470237416490
424759156866
467392841416
469950049181
469944812531
452427056069
319035575756
466717975257
469669706126
319949344242
375713306439
403846661014
442936811668
412300251370
469674389552
468665132580
469715921574
466113161465
468665132580
469715921574
468446326165
468446326165
465031463011
451765771733
465869855884
464284456858
356872995052
467516530782
467516530782
467511294132
467511294132
467511294132
442797815517
467516530782
409724805554
467558062804
464061617223
466933982952
384776413871
403812492500
349958024069
372699643135
463985367104
395895059933
467979535296
463743441050
467979535296
466471628315
463919657200
404780185854
463919657200
466518396987
467480885287
416388898357
445964331523
463528249117
404856343508
335426077508
463778197090
466335404855
466335404855
364622106439
415595785581
467339425177
459180852637
391166341403
462661621862
409029552817
460758680455
461134366631
453193591081
433290909859
381174558460
378914661803
466538007913
462238273887
462913140046
397001336093
462913140046
398031291551
463507975059
447220108121
461690397495
330145128083
464515994552
357857463727
379876251401
407187615542
423369519898
368181289694
465185520648
461624292561
465227052670
412071697226
465227052670
366493754988
326870824878
460822127371
317236025698
375266236716
324238184741
464257189313
463247932341
383300968641
432920132342
320705151607
463247932341
342375572649
363495029459
458409154958
438124898014
460015858417
458853548031
404487936993
462778061818
324738259380
461183342353
459545987894
459869400717
458965242982
367035642017
459910932739
463500098971
463458566949
412454187901
367915092771
459209627715
425773997568
406984626397
372631590900
462038777668
461992008996
463001265968
457153231613
458044609476
462996029318
425283292919
445306589136
462558262462
322407444048
461554242140
461595774162
388069555330
462599794484
458997034375
426666976018
458316931566
461554242140
458681876411
461549005490
422950135084
334605539799
395623751572
461595774162
316188009216
388182733906
442871321069
457938952732
405788127369
355333993222
419662029484
349216793149
449725794555
460057484422
418327240428
454591615556
457143586671
460010715750
460015952400
403255235775
363929702331
335135531635
323859648323
456023555189
331397150025
456018318539
457290307022
397023881414
456062269896
454206576565
318071753924
459092122620
460298364142
433601118632
405322907884
456991304854
402053444475
457388735944
454489111619
367127642688
452836061589
434268549731
457326412652
456440834282
457331649302
401955191593
448805088595
359078353200
453902695387
457258209233
458469687405
404547064975
453697398987
458056933155
456417404839
456619626039
456412168189
385688354946
456417404839
456412168189
452659460740
394188577081
361187281426
400932770447
401691539835
457463668720
349515933973
452896676702
456252190548
456459648398
454769170304
326708805187
455318757216
307372306372
363817121603
455313520566
456524998738
443605629042
452446391487
452081446642
440296670532
451958006720
321709997134
406542103394
451958006720
455318757216
455318757216
409473982811
398289220344
454427942196
455313520566
455520978416
452515042252
455318757216
450107655786
334517736755
455313520566
431523531749
456322777538
385086498476
324839353882
455723148730
452491074806
361106089665
455691977388
400799307681
451889478752
384709723521
399073735030
454894851914
421334150807
402275187060
354794844506
431534008947
315556962544
323036406284
454335220444
439325679525
454247495134
455124066187
419244772308
455331524037
452159960424
454120045865
451258153436
451872437828
412546372960
450538041984
453770115908
450504803978
450297346128
453721429178
452225167816
364725957758
409921844026
449200551742
369068027952
353917033397
451956231288
315109470748
354449383673
451464272381
432154265117
446780947526
372653065109
447706328282
450572939122
413136077510
394156412604
346105924306
322680973454
450577071585
375367971657
353891197122
367246604244
447055692865
446549669229
358982659607
333870412877
412333826606
449456186794
308197042869
449663644644
322351685985
448312589371
343974560888
445221582118
448201916499
444856637273
448083474547
448083474547
429253778041
307250312145
445058858473
448290932397
445423803318
445423803318
447381042425
414805542096
446312016971
442509518335
387375364352
447321273943
309031989961
446317253621
336192975780
446236310905
325348168806
447032873377
442802015781
407114301606
443230374741
447240331227
351136325656
430312813483
399711051327
446236310905
317485509489
366539953749
426311811594
305618476424
431780416334
446032436349
447031220021
446234657549
410756858663
392396732971
443160070620
444067114258
446020825748
429529864943
446805370417
443002871781
446805370417
370119278613
419619393966
445801350095
446810607067
381800852343
411927972177
334784447496
311386322956
411984743829
445801350095
442934221016
415681005755
322535361409
363577540641
436709399910
420210672568
446544484440
390881593317
442313626844
414098310484
338670926601
446549721090
442673335039
334197670950
445323041774
323455076916
445428224446
444424204124
433424907425
441068690278
441557075045
308737704256
443273119939
443273119939
416958301879
441131038007
440307280556
443486681696
347111118588
312297029097
444638088460
334857483393
443431846938
394775220161
440671250227
345120367832
443631279044
302675203735
427014386121
389167360778
443423821194
409771206308
373792803406
313846302367
443555677937
339084044904
443323422864
389252438119
443254664671
324478039215
440499304610
304858649515
353673347391
443254664671
311297460824
387060657292
439244708185
440472519377
439932529644
298662847613
443489688827
442485668505
442687889705
414415596305
438630106182
366985791420
311026967619
435869581046
443484523752
321744725753
427889235505
439572886866
353063848492
442275183240
438485752853
441841266699
304959495659
358868420891
442898350708
437327666271
411586004901
368971644668
441040334729
438231910981
439027185601
436614722656
438284974668
337782824887
349948943306
441842685778
420143189784
440838665456
358249850199
383707438295
389131867999
440726361156
437738703149
441730381478
369790901966
396580841607
440471076269
433537531396
413428744422
399896676341
440524139956
319200384668
416541251068
440374205827
436571707191
440427269514
437618845766
435554122861
435769640926
437184608051
441199273321
436137469476
439993031799
436137469476
439939968112
439276425346
439275181928
418435066482
296399863158
440332265937
434889336677
338334642267
436519821867
314181223372
439393623880
416070862953
305776338768
439328245615
328278598059
434619505581
439313699406
438375057349
439515920606
439313699406
439313699406
436462157405
361173408953
354801493947
429600040371
435905121873
439260635719
304163864662
439260635719
439313699406
436760560545
439515920606
433619460303
391903193381
371696441332
435905121873
302220690138
383920244910
429836136847
418951031817
439515920606
337966828556
438577826923
407334791663
