125545
125545
125545
126047
126045
127053
128568
128568
128569
128569
130605
130605
130605
131119
132145
132145
132146
134210
134210
134210
134210
136290
136290
136290
137336
137860
138385
138385
138386
139970
139966
141027
141027
142092
143158
143692
143692
143692
144230
144230
146386
146386
147469
148011
148011
148013
148558
149104
150198
151291
151291
151843
152394
152394
153498
154606
154606
155718
155718
155718
155720
156276
157959
157959
158522
160211
161906
161903
161906
162474
162474
162474
163047
164763
165336
165336
165913
165913
167644
167644
168224
169384
169384
169968
171134
171134
171135
171721
173482
174070
174656
174656
175840
175840
175840
177622
177622
178812
178811
178811
179412
179412
181215
182419
183022
183626
183626
184232
184839
184839
186057
187277
187888
187888
187888
189731
189727
190960
190960
190962
191581
191581
192823
194067
195313
195313
195315
197193
197820
198448
198448
198450
198450
199082
199713
201615
201615
203524
204161
204161
204162
206082
206082
207368
208011
208011
209301
209301
209948
209948
209949
211899
211899
213856
213853
213854
215163
215163
217134
217134
218452
218452
218452
218453
219779
221771
222436
223102
223102
223103
225112
225112
225785
226455
227128
228476
228476
228477
230510
230510
231868
232548
232548
233231
233914
234598
234598
235285
235968
237344
237343
238723
238723
239416
240802
240802
242888
242888
242886
244980
244980
244980
247083
247785
247785
249897
249895
249896
251310
251310
251312
251312
253445
254157
255583
255583
256299
256299
258451
258451
259891
259891
260614
260614
261338
262786
262786
262786
265694
265694
270070
270070
270071
270068
270071
270079
273754
273754
273755
273757
274502
274502
274504
274499
280443
280443
280446
280446
280447
281199
281199
282701
282698
283450
284199
284199
285710
285710
287225
287225
287226
288746
289507
290269
290269
291033
291798
292564
294098
296402
296398
296400
297942
298714
299487
300261
301036
301036
301037
301815
303367
303367
306491
307273
308056
308054
308055
308843
311201
311989
311989
311989
313573
315157
315157
316747
316747
316747
318339
319137
319137
319138
320740
321542
323148
323148
323951
325563
326370
327986
327986
327987
330420
330420
332047
332047
332047
333679
334496
336132
336132
337773
338594
338594
339417
339417
341067
341067
343549
343549
343551
345211
345211
347707
347701
347701
354381
354381
354385
354385
354391
354391
355237
356079
356079
356923
358613
361996
361996
361997
361997
362001
362001
363705
365406
365406
365406
367976
368833
368833
368835
369693
372276
372276
372276
372273
373138
375736
375732
375732
379208
380078
380949
380949
380951
381825
381825
382701
386209
387087
387087
387967
388848
388848
388848
393268
393268
394151
394149
395037
397704
397704
397706
397706
400386
400386
400387
400384
402178
403076
404874
404874
405775
407579
408482
409386
410291
410288
412103
412103
413921
413921
413919
414831
418483
418483
418483
420315
420315
423069
425826
425826
425828
425830
425830
427679
429529
429529
430454
432310
432305
433236
434162
434162
436028
436028
436964
438836
440703
440703
440703
442585
443526
446352
446352
447296
447294
449188
449188
450136
450136
452037
452037
452989
455848
455842
455842
457750
457750
459659
463495
463488
463488
463488
465420
465420
465420
465420
466387
468318
470256
472196
472196
473169
474142
476090
477065
478041
478041
479019
480977
480972
482934
482934
483918
483918
484904
485890
486877
491816
491816
491818
491818
495788
495788
495788
495791
497783
498778
498778
498778
498778
498778
498778
498772
498772
498772
498772
498772
498772
498772
498772
498772
498772
498770
498770
498765
498765
498765
498765
498760
498760
498758
498758
498758
498758
498758
498758
498758
498758
498758
498758
498758
498758
498758
498758
498758
498758
498758
498758
498755
498755
498755
498755
498755
498755
498755
498754
498754
498753
498753
498753
498753
498753
498753
498753
498753
498753
498753
498753
498753
498753
498753
498753
498753
498748
498746
498746
498746
498746
498746
498745
498745
498745
498745
498745
498745
498742
498738
498738
498738
498738
498738
498738
498738
498738
498738
498737
498732
498732
498731
498726
498726
498722
498722
498722
498722
498722
498722
498718
498715
498715
498715
498715
498715
498715
498715
498715
498713
498713
498713
498713
498713
498708
498708
498708
498708
498708
498708
498708
498708
498708
498708
498708
498708
498708
498708
498708
498708
498708
498704
498704
498704
498703
498703
498703
498703
498703
498703
498703
498703
498699
498699
498699
498699
498699
498699
498699
498699
498694
498689
498689
498689
498689
498689
498689
498689
498689
498689
498689
498689
498689
498689
498689
498684
498684
498684
498684
498684
498684
498684
498676
498676
498676
498676
498673
498673
498673
498673
498673
498673
498673
498673
498673
498673
498673
498673
498673
498673
498673
498673
498673
498673
498673
498673
498673
498673
498673
498669
498669
498669
498669
498669
498669
498669
498669
498669
498666
498666
498666
498666
498666
498666
498666
498666
498666
498666
498666
498666
498666
498664
498664
498664
498664
498664
498664
498664
498664
498664
498664
498663
498663
498663
498663
498661
498661
498661
498657
498657
498657
498657
498657
498657
498657
498657
498653
498653
498653
498653
498653
498653
498653
498653
498653
498653
498653
498653
498653
498646
498642
498642
498642
498637
498637
498632
498632
498632
498632
498631
498631
498631
498631
498631
498631
498631
498631
498631
498631
498631
498631
498631
498626
498626
498626
498626
498626
498626
498626
498626
498626
498626
498626
498626
498626
498626
498626
498621
498621
498621
498621
498621
498621
498621
498621
498617
498617
498617
498617
498617
498617
498617
498617
498617
498617
498617
498617
498617
498617
498617
498612
498612
498612
498612
498612
498601
498601
498601
498601
498597
498597
498597
498597
498597
498597
498597
498594
498594
498594
498594
498594
498594
498594
498594
498587
498587
498587
498587
498587
498587
