100
1 1 1 1 1 1 1 1 1 1 1 1 1 1 1 1 1 1 1 1 1 1 1 1 1 1 1 1 1 1 1 1 1 1 1 1 1 1 1 1 1 1 1 1 1 1 1 1 1 1 1 1 1 1 1 1 1 1 1 1 1 1 1 1 1 1 1 1 1 1 1 1 1 1 1 1 1 1 1 1 1 1 1 1 1 1 1 1 1 1 1 1 1 1 1 1 1 1 1 1
8 72
63 97
51 56
72 22
68 36
58 1
72 48
100 5
65 54
1 78
17 43
24 12
43 77
35 44
42 32
89 42
56 87
67 26
27 74
14 53
42 1
67 95
64 43
13 52
9 49
71 37
31 91
21 42
19 81
77 98
83 47
72 33
79 46
99 56
66 43
42 6
100 20
83 33
86 82
17 40
47 51
45 27
70 58
5 61
46 91
75 60
38 25
24 51
7 89
50 79
51 13
59 93
56 4
5 62
83 75
80 19
80 9
4 69
25 30
80 95
94 4
25 60
47 84
59 51
65 44
92 27
63 90
68 80
56 39
35 73
44 16
17 37
83 19
29 51
55 89
88 72
96 33
65 5
84 46
1 47
24 18
83 44
64 15
11 78
23 41
56 63
41 84
33 10
99 86
28 51
85 39
47 77
14 80
74 84
71 34
5 2
10 3
76 63
49 57
