100
0 1 1 1 0 1 0 0 0 1 0 0 1 1 1 0 1 1 0 1 1 1 1 1 0 1 0 0 0 0 1 0 1 1 1 1 0 1 0 0 1 0 0 0 0 1 0 1 1 1 0 1 1 1 0 0 1 1 1 0 1 1 0 0 1 1 1 0 1 0 1 1 0 0 0 0 1 0 1 1 0 1 1 0 1 1 0 1 0 1 0 0 1 1 1 0 0 1 0 1
78 50
53 70
56 62
1 84
2 58
66 92
43 32
64 30
95 19
73 34
52 9
12 78
96 1
29 16
89 42
36 32
11 14
76 1
76 99
60 3
19 8
6 40
71 72
46 39
84 98
34 85
68 4
44 41
54 72
23 79
78 88
24 57
93 76
77 36
5 67
22 88
69 82
86 28
54 23
9 47
39 86
87 97
33 1
16 34
91 32
34 40
87 99
61 50
51 95
10 1
17 73
8 80
90 60
21 47
1 78
45 95
80 72
88 48
17 14
34 62
55 7
38 5
89 54
23 35
41 91
89 90
69 26
30 89
2 96
37 49
94 11
76 73
81 21
53 39
74 66
99 49
8 32
47 13
41 15
99 38
17 83
66 25
73 65
41 20
16 75
54 18
47 1
68 31
97 27
93 26
54 66
69 100
55 68
53 41
76 53
68 40
39 24
59 87
63 36
