100
0 32324
0 434532
0 230163
0 457862
0 674846
1 875425
1 217439
1 198662
1 223752
0 317196
1 428963
1 686536
1 593455
0 417961
0 438960
0 946693
1 427761
0 226745
0 14566
1 176465
0 667376
0 265958
0 760291
0 513751
1 537449
0 749502
0 296890
0 211591
1 985002
0 540455
0 157973
0 155249
0 2872
1 911446
1 552115
1 149295
0 372020
0 765706
1 382542
1 28908
1 405559
0 808506
1 787709
1 626819
0 723642
0 864549
1 329721
1 91315
1 140058
1 777198
0 994505
1 122020
1 196951
0 812507
1 22605
0 857604
0 897132
1 107852
0 735813
1 247430
1 599337
0 54835
1 502368
0 253821
1 478473
0 109604
1 60633
1 983934
1 94104
0 793904
0 870252
1 235662
1 320082
1 303344
1 102504
1 244861
1 648500
0 610585
1 412661
1 651324
0 350336
0 875117
1 367288
1 193595
0 820300
0 538552
0 763207
1 834838
1 35034
1 360064
1 663481
1 951779
1 156248
0 34715
0 519801
1 381358
0 330392
1 133248
0 864737
0 905360
1 584588
0 972294
1 232375
1 828156
1 314476
1 886530
1 765957
0 498104
1 308023
0 767648
0 419659
0 89087
1 613901
0 647784
0 289597
0 52994
0 597894
1 31359
0 387695
0 34225
0 51670
1 872879
1 654233
1 139709
1 503231
1 193177
1 213613
0 511295
0 56020
1 268501
1 985690
1 242446
0 79412
0 62475
0 970196
0 23262
1 893862
0 468668
0 832409
1 179497
1 889424
1 91645
0 222745
0 764378
1 11074
0 678688
1 324448
1 827787
0 841358
0 768280
1 743335
1 845167
1 172189
0 908643
1 284253
0 253800
0 408199
0 490545
0 741422
0 554899
0 501516
0 262435
0 373332
1 91779
1 889161
0 76345
0 7468
0 587823
1 739889
1 349937
0 42155
1 79677
0 206100
1 420397
0 8880
1 46089
1 193606
0 371371
1 240123
1 497535
1 664148
0 887726
1 451968
1 435060
0 419318
0 48515
0 151581
1 805834
1 935628
0 295614
1 831488
1 51416
0 28839
0 884289
0 823196
1 764983
1 566270
0 547264
1 310753
1 386834
