1000
1 876749
1 209236
0 198088
0 639492
0 724876
0 410372
1 384753
1 169039
1 995509
0 365641
0 400506
1 688289
1 488877
0 409177
0 286308
0 941111
0 295613
0 492774
0 726317
0 253657
1 549758
1 499652
1 747352
1 787505
1 507670
0 701357
0 170034
0 551663
1 232591
1 89681
1 332901
0 892624
0 156778
1 833478
0 913043
0 106800
0 265379
1 204071
0 923575
0 104724
1 863072
1 536462
0 961447
0 871972
1 525224
0 786876
1 781868
1 58675
0 734222
1 489813
1 66674
1 228818
0 238188
0 835196
0 680790
0 15017
0 956487
1 316701
1 343023
0 642184
1 124541
1 264943
0 829937
1 814784
0 283206
0 238078
0 181375
1 941023
1 159060
1 418305
0 918625
0 838917
0 531344
1 715944
1 503493
1 935198
1 320089
0 729423
1 230875
1 127195
1 464935
1 185573
0 53920
1 318253
0 500994
0 678748
1 918041
1 714119
0 287294
0 105622
1 126208
1 882184
0 726989
0 704868
1 999353
0 934385
0 114388
0 19731
1 206042
1 194385
1 144067
0 477810
0 617369
0 899186
1 221721
0 791239
0 866447
1 185377
1 800708
0 681797
1 35711
1 108891
1 917683
0 974798
1 398456
1 70950
0 296844
1 710052
0 400392
1 182770
0 995341
0 641536
1 448514
1 28504
0 702592
1 940722
1 122774
0 436548
1 84366
1 54401
0 765131
1 656667
0 289333
1 313820
0 40470
0 230351
1 485963
1 800456
0 137295
0 944049
1 954393
0 82140
1 625464
0 331599
1 341255
1 617338
0 626423
1 450281
1 19693
0 263600
1 897815
0 496984
0 423979
0 370340
0 960611
1 28814
1 508656
1 190641
0 300291
0 204586
1 21517
1 861283
1 638941
0 662857
0 142793
1 26201
1 454103
0 389028
1 430859
1 737898
0 170665
1 728274
1 707829
0 503075
1 227260
0 551276
1 775412
1 899637
1 989151
1 333500
0 269300
1 146103
1 342663
1 557581
1 396404
0 305502
0 884586
0 821594
1 196463
0 503655
1 666744
1 405734
0 743071
1 775126
1 626157
0 930122
0 114430
1 137353
0 413471
0 238778
0 636609
1 268747
1 770679
0 239852
1 170290
0 93060
1 325610
1 86877
1 419663
0 504905
1 238323
1 959007
0 506962
0 725259
0 707860
1 387009
1 931061
0 647021
1 142385
1 390473
0 739037
1 21552
0 613196
1 652025
0 215850
0 508635
0 146734
1 985762
0 526562
0 859112
1 466686
0 356205
0 622295
0 517538
1 556333
1 60048
0 273521
1 26176
1 169063
0 187996
1 422799
0 489384
1 616505
0 252570
0 631548
0 917087
0 78642
0 496916
0 898319
1 349799
1 230056
0 893185
1 143886
0 534849
1 5659
0 364178
0 994555
1 496912
1 988190
0 865076
1 795095
0 423158
1 37742
0 607604
0 347661
1 530075
0 38788
1 971403
1 997018
0 2557
1 204027
1 617748
0 132440
1 595854
0 501652
0 953475
0 968566
1 336629
0 887121
0 770525
1 641703
1 981320
0 500193
0 579633
1 396629
1 103934
0 63394
0 553078
1 922236
1 872749
1 851959
1 697342
1 356747
1 357302
0 970850
1 123347
0 390406
0 51147
1 463444
0 653621
0 15431
0 898454
0 363435
0 774810
1 214873
1 14369
0 338124
0 983129
1 181590
0 290778
0 380260
1 520981
1 783801
0 977574
1 457274
1 171185
1 44508
0 518995
0 229913
1 532096
0 826255
1 534216
0 758191
0 122745
1 921387
1 949927
0 585303
0 299833
1 798578
1 818663
0 387829
1 438546
1 412131
0 552857
0 615535
1 42156
1 845120
0 51920
0 209033
1 522183
0 404252
1 408384
0 940029
1 968491
0 806994
0 452396
1 947607
0 40592
0 523428
1 714567
0 471970
1 535876
0 823194
1 265732
0 282088
0 879699
0 866146
0 996345
1 590111
0 970586
0 983741
1 204604
1 892990
1 204519
0 319472
0 952913
1 691540
1 599844
1 860911
0 123574
1 945975
1 601978
0 963748
0 33307
1 620806
0 324805
1 360926
0 185947
1 87914
1 303631
1 127753
1 358954
1 685828
1 4548
0 881822
1 750784
1 654702
1 679441
0 437395
1 662598
0 437479
0 945651
0 549738
1 512030
0 583899
0 788394
1 274205
0 422455
0 440701
1 198142
1 453926
0 823391
1 575948
0 979686
1 979506
0 856152
0 647207
0 918811
0 627799
1 947376
1 720589
1 972884
1 20577
1 41093
1 542300
1 569573
0 836182
0 926074
0 159420
0 616150
0 342899
0 847740
1 228808
0 550029
0 373881
1 99821
1 904285
1 95709
0 211873
0 301030
0 80452
0 957644
0 684037
0 738897
0 896891
1 910105
1 374427
1 962793
1 985555
0 132215
1 651711
0 754198
0 303738
0 857808
1 487786
0 558055
1 151290
1 886806
0 3602
0 770479
0 622612
1 461081
1 502428
1 487301
0 623019
0 666810
1 229627
0 462323
0 355202
1 909251
0 60559
0 921723
1 633596
0 836493
1 570138
0 341197
0 403506
1 98161
1 550133
0 441922
1 478552
1 481320
0 380053
0 401143
1 730683
0 434045
0 372113
1 921075
1 830455
1 415116
0 712575
1 658650
0 545443
1 107675
1 695520
1 323810
0 687860
0 730403
0 732179
1 628424
0 608874
0 648462
1 663064
1 313625
1 151718
0 675940
0 21914
0 601902
0 10544
0 976565
1 844826
1 972195
0 971280
1 874957
1 492314
1 760118
0 777119
1 377625
0 78946
0 20885
1 764263
0 499133
1 637823
0 645663
1 904915
1 701502
0 607263
0 737716
0 220929
1 276221
1 425080
0 628313
0 708663
0 435634
0 627791
1 219009
1 786736
0 890427
0 211896
1 670626
1 442222
1 610178
1 703810
1 751162
1 492593
0 378613
1 929125
1 24618
1 367200
1 239187
0 155256
0 503677
0 106556
1 232097
1 777672
1 576134
0 479121
1 980512
0 529945
0 830505
0 781533
1 71206
1 701928
0 105595
1 667399
0 119061
0 101378
1 928699
1 238681
0 315521
0 517176
1 685508
0 515125
0 164343
1 600769
0 134241
0 267769
1 187402
1 644780
1 803119
0 107741
0 617860
1 542316
1 267995
0 385123
1 332804
0 923657
0 614847
0 79500
1 936130
0 109587
0 934185
0 170816
0 656323
0 956334
1 982897
0 780467
0 4098
1 816471
1 432841
0 322535
0 68797
0 382172
1 271374
0 44461
1 881563
1 871413
1 855586
0 478391
0 912780
0 684414
1 269383
1 599297
0 836661
0 364275
1 904119
1 602249
1 56677
0 543286
1 365650
0 868170
0 165911
0 792344
0 191642
1 911742
0 112546
1 778955
1 245454
0 445615
1 958633
0 804236
0 230156
0 124452
1 80979
0 63544
1 309272
1 894302
0 167337
1 150690
1 822366
1 562615
0 4168
0 679231
0 32806
1 134640
0 21722
0 100546
1 271376
0 601040
1 241685
0 841551
1 364103
1 926619
0 519579
0 349875
1 320601
1 322302
1 496533
1 498909
0 768834
0 167732
0 144939
0 728889
0 250685
0 250059
0 591473
1 869778
0 885566
0 372649
0 284428
1 859159
0 352751
1 919413
1 270167
0 283886
1 881937
1 510045
1 199745
1 511982
0 792058
1 357995
0 361015
1 823967
1 143973
0 254304
1 688741
1 397223
1 83976
0 631726
1 414503
0 607845
1 674022
1 550951
0 964034
0 196877
1 546749
0 140244
1 802195
0 252114
1 330205
0 769199
1 838394
1 163196
0 170125
1 415334
1 913294
0 870171
0 709805
1 299146
1 722242
0 359621
0 374601
0 539702
1 121845
0 794744
0 735028
0 765484
1 310488
1 361642
0 822381
0 603028
0 56902
0 758034
1 787367
0 375817
0 939862
0 54420
1 29734
0 733862
0 261734
1 644937
1 319847
0 295906
1 527446
1 882865
0 92596
1 413939
0 342166
1 736297
0 206592
0 937521
0 16766
0 436257
0 799573
0 111524
0 264984
1 332099
1 662898
0 89938
0 723896
1 433998
1 221468
0 426993
1 686096
0 484108
0 513328
1 143159
0 616848
0 978709
1 529124
1 132068
1 363832
1 424033
1 928527
0 808920
1 124831
0 748435
0 671413
0 598082
0 81940
0 411523
1 155550
0 8628
1 373296
1 337364
1 440454
0 220126
0 711638
1 411862
0 546515
1 710861
1 98742
0 481112
1 8324
0 69437
1 620523
1 823057
0 676613
0 787160
0 809267
0 360
0 155211
1 296132
0 266238
1 425711
1 993259
1 274718
1 700728
0 186637
1 111444
0 112030
1 748161
1 84937
1 698816
0 745834
1 931892
0 71720
0 30750
1 161692
0 36578
0 999975
0 386258
0 137853
1 152521
0 612955
0 55299
1 296271
0 904949
1 475092
0 955087
0 118360
0 944918
1 278012
0 882546
0 519630
0 855835
0 152009
1 460478
1 391930
1 390436
0 377318
0 790937
0 287269
0 22518
0 321881
1 904335
0 483699
0 738016
1 746603
1 29923
0 44313
1 881034
0 942435
1 186529
0 98365
0 668031
1 991610
0 527393
0 636515
0 379756
0 748918
1 294719
0 144150
1 627398
0 153116
1 67506
1 140908
0 461576
0 367730
0 501005
0 913229
0 601515
1 912249
0 952883
0 620042
0 16212
0 76676
0 129971
0 311376
0 589277
0 372752
1 735512
0 516029
1 780887
1 299400
1 442231
0 93872
1 300500
0 337108
0 711961
0 619077
0 74869
0 563284
1 453312
0 255190
1 170712
1 545922
1 646459
0 801885
1 983699
0 108985
1 12471
0 675692
0 679209
0 28504
1 84315
0 979451
0 422984
0 617230
1 253642
1 67044
0 107683
0 122010
0 260688
1 971349
0 410742
0 452849
0 41768
1 626898
1 197023
1 328994
1 324776
0 875280
0 819574
1 907602
0 819070
1 586099
0 948795
0 525260
0 238417
1 570815
1 70765
0 389258
1 196340
1 243181
0 878855
1 894523
1 588995
0 811997
1 131656
0 290371
0 935676
0 39095
1 748349
1 792520
0 986322
1 186159
1 638417
0 258922
0 823553
0 977174
1 85687
0 551339
1 578087
0 199496
0 598621
1 464138
1 588864
1 923821
0 289332
1 147760
1 153936
1 626051
1 832174
1 428056
0 584964
1 613957
1 826105
0 118764
0 612736
0 425387
1 963280
0 72457
1 642526
0 161932
1 993639
1 622978
0 752746
0 688869
1 955350
0 582707
0 976714
0 936788
0 681532
0 267216
1 763876
1 561229
1 431588
0 454592
0 851538
0 889590
1 470959
0 718058
0 985323
0 354705
1 783063
0 702992
1 227274
0 292245
1 626508
0 668165
0 740907
1 405186
0 926224
1 60699
1 517388
1 706585
0 140353
0 452296
0 195904
0 117027
0 576437
0 425952
1 608979
0 47196
0 502393
0 157748
0 998060
0 824181
0 70505
1 640730
1 731356
0 158934
0 600648
1 110871
0 873177
1 596034
0 106612
0 248725
1 138775
0 796411
0 393790
0 4529
0 35240
1 778669
1 950473
0 7267
0 949380
0 941042
0 62942
0 431886
0 585894
0 355764
1 625021
1 791187
1 200781
1 367620
0 750989
1 318311
0 229550
1 455761
0 173175
1 170184
0 511580
0 780512
1 708757
1 99027
1 417140
1 332379
1 670113
1 226321
0 398216
0 640357
1 27736
1 211011
1 916404
0 349420
0 755139
0 815836
0 332360
0 472411
0 240243
1 844183
1 614578
1 47595
1 690361
1 487108
1 928630
1 359926
0 604801
0 913700
1 260299
0 602413
0 838002
0 134251
0 195458
1 640785
1 812640
1 108312
0 155783
1 808267
1 545127
1 475161
1 312265
0 538881
1 775969
0 792461
0 525056
0 459788
0 855275
0 805103
1 884272
0 623010
0 74238
0 512252
0 934095
1 236720
1 303940
0 123826
0 23987
1 720637
1 52504
1 25254
1 209949
0 71203
1 187741
0 878309
1 168488
1 680864
1 998244
0 496606
1 50755
0 597056
0 934788
1 598481
1 44866
1 899801
0 252687
0 316878
0 47572
1 406421
0 784334
0 608650
1 413406
1 107121
0 82298
1 350122
0 8802
1 255506
1 975403
0 159299
0 107787
0 554532
0 871724
1 365589
1 861251
1 239882
1 654841
1 86274
1 775459
0 795275
0 723301
1 898483
1 932733
1 549707
1 581849
1 176269
1 602219
1 303659
0 385144
1 756376
0 12538
0 112917
0 459030
0 386454
1 376072
0 318837
0 277067
0 813614
1 487138
1 46155
1 401198
0 853560
1 857083
1 756640
1 287302
1 6298
1 648878
0 578678
1 182382
0 880416
0 58664
0 924652
0 252781
0 773271
0 344734
0 230913
1 293001
1 74495
0 936116
0 23726
1 774146
0 827453
1 242007
0 352712
1 793162
0 361445
0 357407
0 643974
0 761393
0 745681
1 420381
1 811654
1 923729
0 373670
0 957654
1 607156
0 573326
0 878434
1 72181
1 922117
0 15408
1 585743
0 814684
0 912924
0 178559
1 660022
0 842001
1 437068
1 717218
0 112885
1 951217
1 773141
1 451402
1 596969
1 477167
0 338048
0 984873
0 291957
0 760930
0 864490
1 400291
1 87404
0 631500
0 632697
1 904165
0 424916
1 644759
1 151675
0 466416
1 43830
1 513018
0 361970
0 155825
1 338296
1 751704
0 151431
1 35833
1 270983
0 279383
0 683063
1 331077
1 558098
1 240329
0 275724
0 549260
1 26355
1 695261
1 426018
0 474393
1 383230
1 527396
1 283456
0 992319
1 92090
0 302910
1 286840
0 564079
1 161308
1 874686
1 628944
0 826149
1 375654
1 539991
1 970807
0 685531
0 52482
0 913903
1 890146
1 910671
0 395739
0 781859
0 724344
1 495795
0 329857
1 91366
1 748384
1 605412
0 566438
0 313369
1 652229
0 994802
0 292129
1 335053
1 433698
0 154507
1 149925
0 491166
1 57980
1 404277
1 809957
0 133336
0 413610
0 943129
0 81277
0 422676
0 916125
1 167753
0 264141
0 856504
0 379479
1 470187
0 928885
1 755906
1 118732
1 933456
0 7897
0 24946
1 758993
1 558176
0 883483
0 448017
1 82766
0 278663
1 342065
0 404913
0 459854
0 42116
0 66072
0 710246
1 581540
1 661980
1 373650
1 82182
0 265143
0 955162
1 834402
0 259861
1 617991
0 728027
0 354552
1 741778
0 357168
1 661991
0 506418
1 96330
1 375081
1 769090
1 96085
1 385878
0 767853
1 373674
1 592270
1 610047
1 225374
1 764760
1 780914
0 965742
1 577482
1 260736
0 23285
0 185956
0 347277
0 757961
1 149717
1 801509
1 319165
1 358650
0 520423
0 595051
1 282255
1 106898
0 633287
1 182931
0 602930
1 807925
1 552252
0 256782
0 94104
1 831456
1 619712
1 86553
0 298634
1 322144
1 228037
1 951544
0 455090
1 766050
0 733
1 705404
1 245265
0 884331
1 137529
0 983256
1 845056
0 286057
1 540192
1 452067
1 294200
1 485769
1 174861
0 666025
0 357039
0 815298
0 348660
0 893150
0 663761
1 765301
0 171543
0 980770
0 793821
1 183027
1 126509
0 916823
0 331084
0 54423
1 543174
1 737426
0 761170
1 522896
0 825907
1 2897
0 830789
1 222888
0 99577
1 806523
1 915836
1 978379
1 954651
1 764575
1 743421
1 378649
1 746445
0 241215
1 851704
1 800736
0 380702
0 458089
0 881072
1 229579
0 875631
1 226313
1 7937
0 50027
1 669921
1 144482
0 175923
1 636008
0 596092
1 504230
0 782665
1 651402
1 97136
0 604347
1 100696
1 94856
0 390172
1 58672
0 883199
1 146084
0 425192
0 480040
1 56838
1 776967
0 824229
0 737991
1 411090
0 245688
0 319508
0 592324
0 219551
1 362135
1 390517
1 17445
1 199808
0 465648
0 531238
0 963426
1 549534
0 788281
0 500150
0 361011
1 494009
0 226306
1 140453
0 997082
0 816858
1 97741
0 905698
0 203260
0 373595
1 342974
0 568712
0 119001
0 467214
1 479225
1 953451
0 538003
0 134826
0 266063
0 600670
0 945423
1 718748
0 395546
0 864333
1 805544
0 700306
1 66049
1 962178
1 432636
0 661051
1 583932
0 535462
1 120396
1 60152
0 949493
1 695404
1 844235
1 158014
1 931462
1 842897
1 993588
1 327332
0 524723
0 370977
0 126615
1 76710
1 711104
0 308684
1 425221
1 742881
0 480497
1 793988
1 100017
0 415050
0 876217
0 763055
1 284652
1 126010
1 226741
1 611532
0 601214
1 173858
1 341704
1 395458
0 771760
0 628289
1 867343
1 734076
0 423213
1 124104
1 104301
0 71261
0 121858
1 782616
1 470837
1 438139
1 290870
1 138175
1 55800
1 218743
1 977132
1 329892
0 273514
1 166713
1 743436
1 878228
0 819066
1 845396
0 567708
1 762615
1 53178
1 518069
0 232139
0 726956
0 513981
0 861432
0 643684
1 706029
0 294632
1 336625
0 249904
0 855044
0 287059
1 215662
0 573270
1 810207
0 609255
0 300592
1 220028
0 408914
0 899039
0 253688
0 108916
1 916036
1 800283
1 795676
0 477349
0 554139
1 692693
1 953889
1 352545
0 494092
0 436624
1 238808
1 470050
0 280150
0 785844
1 519663
1 432552
1 533788
0 882726
0 353130
0 893808
0 943460
0 573268
0 161511
0 229190
1 195633
0 383996
0 18173
1 792479
1 418601
1 748912
0 363797
0 207777
0 223375
1 189358
1 122124
1 165452
0 854795
0 75371
1 818770
1 12296
1 205530
0 273225
0 182396
1 115219
1 574688
1 393160
0 42568
0 947344
1 645409
1 602147
1 332256
0 410532
0 414143
0 390961
0 927738
1 426426
0 672147
0 675345
0 1552
0 24960
1 59249
1 673018
1 426753
0 437801
1 736226
1 280140
0 950239
1 586846
1 920501
0 800794
0 782440
1 446787
0 718213
1 520417
0 471273
0 72908
1 790893
1 275457
1 798259
1 951569
0 244546
1 439893
0 51241
0 290831
0 786045
1 366438
0 655220
1 21176
0 703081
1 912082
1 722006
1 465116
1 900543
1 929288
1 248274
0 817560
0 626936
1 859761
0 222833
1 544086
0 170959
1 839248
1 4907
0 11633
1 118884
1 101717
0 680032
1 985653
0 872346
0 305645
1 845289
1 580582
1 443866
1 937646
1 782002
1 74184
0 697641
1 80939
0 928607
1 705538
1 650821
1 643015
1 317116
0 99337
1 79088
1 214824
1 794526
0 823586
1 672193
0 194855
0 649467
1 329904
1 850586
0 912648
0 967760
1 904118
1 454328
0 221437
1 895533
0 199954
1 519446
0 676402
0 718665
0 518382
0 36758
0 537480
1 360707
0 9656
0 325973
0 6545
0 658967
1 485752
0 764910
0 505782
1 417501
0 636483
0 683461
0 192150
0 357879
1 58032
0 624438
0 723953
0 864217
0 526488
0 615098
0 984626
0 413685
1 879812
1 623530
0 886652
1 934629
0 678137
1 601255
1 233392
1 730029
1 204702
0 513758
1 849245
0 719185
1 792238
0 645972
0 502521
1 643740
0 272993
0 674012
0 700214
1 547372
0 780599
1 264150
1 42106
1 398858
0 122895
0 308176
1 112718
1 963714
0 462240
0 756964
1 174051
1 618131
0 82749
1 90518
0 183089
1 903522
0 224309
0 360277
1 463213
1 518741
1 291949
1 905922
0 940149
1 142584
1 824267
1 110315
0 456703
0 211835
0 611696
0 706293
0 488174
1 327687
1 517204
1 5711
0 481581
1 696001
1 126200
0 437501
1 655986
0 670534
0 915451
1 703782
1 903193
1 446065
1 450387
0 898036
0 977071
1 384677
1 837552
1 261915
0 327571
0 115141
1 508124
0 119630
0 20147
1 890169
0 458200
1 692974
0 503120
1 469036
0 131311
0 236987
1 242855
1 958619
0 104086
0 946702
0 191521
0 40088
1 28555
1 977471
1 349726
1 501811
1 439095
1 401080
1 26444
1 835935
1 709755
1 337601
0 372535
0 594639
0 511308
1 827568
1 249848
0 10497
1 863066
1 727738
1 411422
0 14840
1 346580
0 616366
0 641823
0 209274
1 686086
0 72220
1 884505
1 787385
1 527093
1 4387
0 895616
0 482723
1 551539
1 984467
1 994512
1 115878
1 914779
0 554102
1 40559
0 619109
0 484193
1 191411
1 568406
1 886126
1 322467
1 420437
1 216378
0 246479
0 490338
0 527677
1 689984
0 84733
1 992361
1 75419
0 260293
1 387217
0 86002
0 683814
1 189194
0 366671
0 721239
0 290221
1 6092
0 240096
0 664052
1 99506
1 323795
1 94154
1 285393
1 218927
0 345942
1 805619
0 352605
0 283711
1 582811
1 780121
0 677294
1 797775
0 252088
0 888877
1 520777
1 724592
0 846236
0 184236
1 307882
1 329829
1 656652
1 794713
0 33065
1 116475
1 628287
0 602919
0 478804
1 616346
1 457306
0 917036
1 916664
0 315555
1 441742
1 330893
1 977396
1 439217
0 102082
0 773140
0 989558
1 648261
1 561453
1 628572
0 118329
0 829261
1 757872
0 925571
0 615220
1 934748
0 426676
1 92622
1 485131
1 156672
0 546948
0 85031
0 457918
1 350597
0 32645
1 450010
0 935208
1 778307
0 490277
1 98941
1 781976
0 328442
0 365936
0 319658
1 406867
1 949876
0 549931
0 34615
1 752929
0 7485
0 225350
0 515476
1 850670
0 33170
1 343287
0 489211
0 302134
1 715398
1 137582
0 292099
1 577347
1 751784
1 670629
1 933797
0 682246
1 7835
0 638543
1 128549
0 816701
0 747171
1 536316
0 535016
1 231423
0 665815
0 133187
1 560858
1 22400
1 226110
0 175168
0 806383
1 418791
1 242047
1 780092
