500
1518 4014 5205 6500 9447 6925 8716 4736 2578 4669 1077 2324 6266 1974 4752 6873 9718 2511 2439 9594 942 7517 5807 2232 9304 9193 5021 942 5953 9509 1722 7174 9327 9794 5708 830 7018 387 6322 4021 4158 3801 1766 9614 7549 1697 7048 4136 2874 1086 1583 2528 2633 6692 7119 8313 2111 2904 693 8649 7873 8969 2042 721 5205 5311 662 3323 3521 1979 6131 5746 9466 1260 6149 6971 8169 2244 1416 7631 1640 4572 1872 7708 3442 3198 1365 4651 5732 1276 3138 2941 1826 3879 2030 3000 3353 9797 8533 31 6884 7320 8569 9197 6505 7781 8057 2204 9405 4776 8248 2371 3872 7713 5659 7911 6026 6957 6382 373 4233 3118 5398 6558 7036 1127 7423 8045 1432 4898 5066 6623 5555 3255 8497 4565 7992 8170 6496 3949 1098 8712 7189 3595 2347 8085 9523 3541 6710 3389 3895 2920 5350 4151 2513 8060 1656 6957 7330 8516 6650 7145 5720 5748 9413 7730 1687 7600 3083 6420 8931 2473 6322 1846 1807 4344 2773 9640 5718 8918 2541 7077 795 2638 7210 5790 7549 1524 1679 1249 1979 8365 1022 4686 6438 3819 6523 1308 2475 7624 2302 8904 545 9373 9455 3212 7775 2905 2719 9374 5829 4623 266 7382 398 2666 7568 496 9850 175 6716 6219 8541 3691 2050 3528 7326 8088 8471 7372 8243 5548 6234 6665 7988 2398 9977 3989 3101 9793 7838 1850 1549 5121 3580 5223 123 4386 1086 8469 4651 1901 5417 9429 1247 432 7167 2547 4339 9742 8218 7459 810 8611 8428 916 2175 5907 5063 5414 4005 4998 6278 7086 4855 3799 8259 7986 1514 8909 5543 3998 3874 1233 3584 2473 2415 6433 4836 4042 6109 1784 2241 299 7579 63 6039 5272 8888 1024 7052 798 1878 2957 2920 7718 9124 8885 7271 3760 8966 6529 4745 63 8957 5772 5081 7695 1449 6983 3712 6019 5530 3619 7427 4683 2033 8260 3147 9119 7420 427 6236 7640 8043 7025 3338 2887 8071 868 9304 9553 943 451 9614 8904 6740 9179 6868 1014 6439 8896 1137 6766 860 5306 9710 9770 62 179 8686 5361 6050 8199 6837 9843 2452 9113 4320 6653 3186 3683 5562 4806 6400 7823 8301 43 2555 3282 9289 9285 6426 5429 4719 3052 6257 8702 373 1363 1434 1569 7586 2933 1798 3862 9455 1705 274 2926 7033 2198 1364 2837 5200 2108 985 9518 106 9089 860 5886 3109 5907 4713 2970 9704 1489 8699 6492 5001 2795 4438 3416 9183 3634 70 8006 5489 5275 7466 7023 9641 220 4038 6147 9332 8992 9343 615 4603 8148 7359 3077 2500 919 5443 1346 8302 328 388 20 9107 9735 9662 9413 9962 5772 9789 1744 437 6919 8911 3165 4176 4534 5603 994 2490 7625 1741 6968 4981 9297 343 574 6702 9455 8081 8691 7345 4960 2830 9951 7643 2686 4201 610 8082 3878 59 7356 471 287 593 8087 9294 998 5106 6200
281 488
159 493
301 99
76 349
405 238
111 133
12 90
23 311
190 413
264 169
95 376
298 52
315 178
391 9
473 369
462 487
146 93
401 196
76 492
60 98
283 376
400 491
240 124
322 486
485 19
77 240
112 107
461 214
393 312
287 315
30 135
151 285
70 200
155 38
157 230
322 343
323 60
391 282
344 351
160 3
271 495
136 435
321 139
3 24
146 168
176 42
117 94
185 453
433 497
428 36
379 44
315 475
327 205
81 284
429 476
241 314
199 305
463 57
324 382
210 358
80 291
193 379
246 305
228 327
427 444
396 59
367 80
330 346
10 351
239 123
35 191
265 159
444 264
164 75
100 435
182 340
47 314
461 220
153 292
406 291
479 425
24 469
480 144
391 163
130 311
291 122
469 435
384 299
339 138
480 481
335 425
120 422
115 161
436 49
5 434
78 457
405 7
458 290
300 6
436 333
344 347
212 133
284 422
3 454
372 223
26 350
237 225
395 32
474 334
213 408
479 322
207 106
324 207
75 11
42 232
279 68
44 324
104 345
301 199
396 385
94 305
203 372
93 345
250 328
72 393
40 148
244 252
144 311
400 76
31 421
291 226
451 310
435 233
449 283
337 451
297 461
187 326
319 313
13 488
386 241
108 56
110 111
295 92
154 456
240 221
166 135
354 293
332 296
114 175
380 295
468 410
315 476
295 370
273 265
493 278
22 268
125 438
347 312
305 96
184 356
242 380
4 375
497 20
456 374
159 268
409 118
130 231
26 136
28 318
84 387
433 244
79 135
135 271
219 189
247 306
54 365
268 40
201 78
41 305
309 293
268 19
149 197
79 327
404 387
142 35
339 490
141 7
7 327
353 471
71 305
17 347
351 498
178 152
70 290
343 360
474 277
51 39
438 134
191 177
126 134
52 464
447 324
320 367
245 76
378 436
1 204
53 182
37 203
448 207
55 14
159 280
487 5
378 221
135 249
459 309
435 283
155 103
48 390
150 128
136 255
218 283
175 343
52 461
2 368
434 392
51 40
431 409
157 345
445 347
491 131
133 367
384 11
89 280
361 301
347 74
307 53
224 491
195 71
378 69
468 80
38 304
291 2
451 202
346 18
171 433
152 190
102 474
37 78
344 293
371 455
321 305
263 258
82 397
145 29
403 491
184 487
257 206
135 119
265 56
43 409
353 392
363 201
135 127
3 402
374 359
173 327
68 105
389 211
484 499
232 35
404 332
338 224
113 358
66 354
40 444
36 5
178 339
468 70
429 261
256 36
94 85
132 101
136 269
474 65
251 115
244 213
266 309
52 407
443 244
222 43
136 295
284 151
136 314
452 269
469 404
108 366
235 442
476 97
91 437
465 100
313 239
170 242
143 279
327 165
383 451
199 83
50 113
453 390
189 197
494 105
415 396
346 417
234 17
311 286
259 66
78 182
251 305
79 384
146 325
104 472
15 419
272 432
485 45
318 163
228 237
434 373
259 215
432 302
227 191
283 378
309 435
2 381
145 367
446 332
399 79
243 250
444 186
439 318
278 330
327 424
371 468
303 291
304 369
348 469
136 429
52 58
188 307
397 58
181 8
135 395
393 172
174 120
13 98
35 378
258 265
239 36
449 488
423 78
377 352
71 158
291 409
468 435
260 73
491 500
197 250
378 324
344 16
14 229
41 180
477 374
50 78
441 235
273 398
377 143
298 236
8 312
157 275
121 137
52 460
309 187
52 63
107 149
53 31
424 401
81 317
212 248
437 2
341 33
254 140
288 318
344 279
88 267
308 299
62 402
463 239
216 418
416 396
364 430
192 272
52 331
64 396
262 8
179 387
432 467
116 385
147 56
268 451
478 447
165 466
289 44
31 355
426 1
244 436
5 300
258 267
431 254
276 80
278 484
194 33
342 173
54 113
175 489
38 25
109 107
184 129
137 394
12 267
67 347
345 331
496 346
216 443
453 241
34 187
333 167
334 419
183 216
440 140
436 208
160 316
441 284
268 197
14 226
268 309
334 430
256 343
304 493
240 272
367 79
247 378
294 76
305 239
122 209
66 27
33 327
389 274
492 420
444 76
291 336
309 357
260 123
374 284
362 492
435 128
311 86
354 198
412 133
426 391
21 401
396 258
411 17
270 377
132 159
46 256
435 53
4 300
439 435
470 78
394 336
414 97
468 211
187 477
125 44
184 156
450 203
231 212
61 357
36 309
334 477
388 51
444 482
162 259
329 447
6 87
449 153
33 257
497 253
483 2
225 217
384 52
