1000
66910 13805 2449 52517 9669 79452 48715 49487 72533 2128 14698 54114 73937 57358 24108 22415 8912 50717 39174 14909 41804 27426 87756 26199 53052 36460 82342 18453 93384 69125 96377 5338 91877 56880 41709 59313 37846 59920 76141 5504 44701 8472 56335 26587 22995 86143 33986 32357 50998 46611 39861 58261 34369 45169 94488 63422 73170 82303 92439 14348 90628 55692 98081 27386 36104 2989 148 61188 8184 1553 92247 76893 83571 64322 44546 96343 1206 12145 31102 48008 65528 86698 50601 9265 69722 36452 10990 11235 60192 99811 23753 50801 13792 3729 54000 84319 41999 13209 32308 76456 2009 54274 17128 89784 81765 9334 63882 92360 99137 30535 62787 18698 70962 79456 73851 6391 48081 9814 22687 8248 86629 50370 90318 30427 94720 43476 34892 3599 47825 72594 69410 19027 22319 25483 41400 56135 18060 4622 82722 76526 11455 79846 60393 6100 25008 89313 66908 51137 73544 62094 96784 27883 41457 18045 90930 91226 87630 8759 25399 22186 37321 69236 65791 31520 64330 61298 7468 77750 97389 86590 77542 32441 16395 58974 90804 77843 92805 54609 9295 67109 54924 55178 97942 24692 27002 32842 69637 45997 10967 86042 93123 60745 71545 70668 15704 24435 31965 6796 95283 64872 75549 74818 54157 27760 32517 39875 82092 46824 80802 85522 79427 1966 31219 61272 79967 61448 6578 86010 64926 36782 27108 30931 54343 46123 26342 25390 51949 11433 98878 51276 36532 91468 44001 69185 19412 12265 34335 45509 89582 12941 14480 96323 60919 94443 58776 74154 92916 54661 66972 91601 71195 94926 47556 65481 91935 78275 13381 29087 3396 93919 73355 24944 38023 30472 20401 64756 24331 17330 44516 1387 98825 95315 82736 42935 57829 68141 9703 49056 33619 84928 2445 98715 69818 19787 5961 31908 98816 8702 62073 94692 21082 99911 52527 95589 14113 57453 97323 42684 94358 1265 83863 13769 21508 84855 79963 59516 92757 45846 89767 92931 13821 34202 63051 28350 40033 95475 55849 92359 20135 72066 53328 42320 23042 96747 72492 15013 19282 66016 86571 14830 22010 23647 96382 99876 13819 71953 40131 1582 31784 68641 61753 85794 74609 35220 90739 28696 45028 22906 11525 14554 85676 9036 70717 10125 14955 66058 56773 38255 5561 29328 99216 5413 18687 83128 22402 37234 64849 9827 48891 81381 88017 55016 71626 52293 68066 53370 15203 82556 46918 1350 60416 1745 86470 73107 94509 2546 941 80383 64200 67037 65151 53008 27515 30207 26590 83309 58578 72054 41692 54451 30837 97200 14860 53118 1059 71136 93683 36432 97166 55870 3201 79122 30455 64128 67675 89134 43552 60658 3098 14468 5066 47454 24630 94283 39705 75003 75374 93846 99830 71536 49746 52760 59074 51988 74061 33871 93851 83002 10364 11707 11611 52094 56854 28053 24049 34795 80393 48390 58795 28175 16889 98907 12617 94459 58351 29412 82404 71819 65669 21761 14734 83087 33932 33973 6598 98837 40650 81121 27070 28601 42260 99414 37691 81246 43251 1096 11987 20308 1348 25063 79751 81671 10620 33797 82729 97898 27567 51066 58512 43144 40760 2732 80890 98834 29457 79930 35849 497 18216 3409 94080 27241 27233 95903 63623 10988 52335 17987 71088 88207 90985 26170 88463 88190 6118 84162 84164 77500 69957 16902 82560 27765 3135 15141 47340 40922 47097 10200 5838 42549 46671 26425 71909 36445 37593 78646 73620 42503 47559 86694 48310 7587 90835 15706 83356 70638 66684 77568 2490 8063 14739 47568 30737 51225 37269 75497 82899 58514 60214 5631 17776 12457 19624 15904 33769 82910 35615 62739 6253 81728 4537 61200 82746 62918 25499 61723 63564 50896 86715 91438 11514 64257 25094 17022 88032 16622 78409 69667 14414 65585 11530 83695 70870 8272 56353 51784 53244 74419 20576 34306 69122 69809 30137 8941 95480 20709 78375 28034 76105 28229 28359 15960 40873 34274 23099 80069 28155 58610 40441 54720 17598 86724 51250 93221 15795 89431 9821 69428 77709 25055 50234 83804 8129 106 4271 16268 92347 33719 50201 88185 35372 97155 36720 15361 83883 75189 64529 16491 39817 12874 72290 14422 67970 95629 80183 95814 6224 3341 40642 83289 24955 18205 60387 84728 51363 9491 74659 17747 97155 33786 29188 19629 66267 64429 80763 8310 53840 57452 70963 63285 50949 12516 65779 73518 68171 73518 67393 20727 54995 69119 13095 73487 19908 50333 47692 19875 84988 61171 90699 44809 67415 48824 53732 12515 90257 92575 42205 37196 19377 16412 11903 24296 72409 55786 76569 60464 77565 71992 49720 65961 26707 40315 12757 35551 77917 54601 47050 55243 6664 83484 41685 80582 25687 5762 73250 43096 77975 54680 68188 88511 50188 45530 98036 56517 4360 45443 23765 74684 84490 33921 53922 60760 70652 43110 5740 80080 27671 68353 68581 44268 58695 7024 71074 26020 32744 57395 51297 36341 91541 32180 25159 46334 97204 46014 95465 82382 3745 60698 7903 5726 32111 31000 93679 79088 33398 52613 88860 82907 90847 87477 62497 24787 97284 45852 2653 11128 63608 76650 50169 15833 67461 76629 58591 41766 67538 46176 90050 94958 69275 15141 30869 8164 37403 636 88479 37636 206 17223 71044 1651 54005 88552 91525 78342 73856 32327 17236 94001 44974 75365 46216 35143 92454 78369 20772 54934 18347 55341 60377 89003 25413 22897 54536 82363 10 82257 82567 3 53127 60817 42375 85997 20220 40255 76291 36984 95708 90254 47368 30877 35816 83754 53362 78541 66522 23763 92974 33569 53113 27471 85002 66976 92980 35189 87365 80188 80070 16010 47018 11742 2849 912 55368 37351 80733 68755 62699 75249 17222 80471 64688 98700 22495 73547 75619 88958 87994 89928 26922 21209 46447 94996 12950 33999 69584 8381 52337 1326 83512 98382 42792 54215 21187 91651 43824 43464 98994 23575 49638 78782 34736 60360 1463 90333 43487 68831 24054 62708 12772 22854 80950 21155 93258 15787 30077 7741 16394 3171 17770 57779 64105 19957 49999 51254 78383 1337 54638 21567 36146 45579 56296 41341 68142 37212 80621 71615 80049 93953 77578 89961 78227 74611 20642 69112 33252 3220 93894 49516 31009 7805 19056 70580 61623 11592 55088 72536 41963 4651 70789 48774 39755 38789 12492 33009 8711 98809 2830 15156 86269 18904 27176 7113 12633 86573 93 85422 23616 57585 73707 95670
669 710
767 426
342 560
868 863
920 341
213 956
291 958
422 423
655 699
956 842
207 682
546 972
407 203
870 965
261 737
492 107
100 423
99 245
565 161
979 102
9 184
479 429
656 221
572 662
679 922
471 358
322 183
137 951
874 913
522 673
110 58
450 548
623 94
877 558
727 408
244 344
290 160
775 721
744 508
750 240
566 813
599 150
449 162
489 168
118 986
180 599
232 833
875 763
542 288
275 238
345 751
243 601
267 591
41 97
691 529
816 882
464 181
94 892
595 316
45 44
77 625
214 590
257 755
972 283
518 622
662 107
887 39
907 844
998 653
777 498
413 158
404 802
490 35
972 593
194 656
56 418
792 914
544 31
500 223
388 133
649 399
7 272
309 724
323 828
180 96
579 110
242 546
278 634
313 214
929 638
501 434
115 93
302 506
693 925
32 664
280 895
388 836
912 758
782 389
20 445
4 677
41 135
12 263
104 833
254 391
316 12
133 112
882 709
131 520
954 472
509 141
864 799
632 92
437 220
517 415
553 856
616 758
848 788
179 904
423 539
408 550
260 371
409 156
480 985
671 847
764 903
484 309
469 435
421 815
296 356
214 236
639 428
882 80
525 402
325 83
37 558
356 594
742 606
459 256
604 175
204 266
885 3
259 444
199 12
55 722
468 592
815 841
31 271
34 133
981 918
288 245
394 269
717 385
159 17
11 694
452 223
56 758
39 164
960 38
405 416
72 287
426 734
128 65
93 58
161 237
687 595
394 71
432 418
485 241
360 854
394 213
188 905
727 818
999 738
125 20
390 486
566 702
481 300
600 993
296 561
420 568
369 103
383 273
473 747
292 721
496 823
137 660
279 937
347 513
414 758
34 798
142 438
951 758
226 472
176 831
115 239
500 83
137 74
130 132
534 121
28 450
237 209
393 352
100 810
440 848
39 948
388 733
741 137
223 329
810 180
769 807
528 654
298 900
617 21
542 867
888 740
438 661
944 545
721 132
656 683
526 749
671 104
682 997
808 347
509 89
49 939
566 969
840 237
536 961
645 433
244 665
533 506
253 248
247 581
615 961
891 52
161 88
465 467
463 746
269 873
2 524
248 478
297 845
545 699
634 788
276 961
301 897
582 869
915 132
603 198
14 382
850 27
422 647
470 889
612 21
717 299
289 650
68 974
634 876
116 703
633 812
845 393
760 611
656 906
569 785
868 492
76 474
833 141
104 598
512 716
675 726
945 19
614 247
794 632
589 559
516 244
962 195
753 47
241 203
431 107
756 90
547 725
912 320
544 940
862 856
331 735
814 64
412 363
305 537
707 802
789 186
502 442
104 220
885 770
15 666
605 105
458 775
485 185
857 453
381 988
485 441
772 368
360 469
545 231
343 708
56 174
923 442
356 762
266 829
323 758
59 904
562 2
17 389
912 827
941 209
47 930
708 145
187 423
773 534
529 820
978 84
83 450
715 235
787 76
288 418
448 712
130 750
834 708
191 104
82 378
370 51
653 841
996 234
550 805
400 135
975 607
42 587
365 606
99 48
448 55
153 987
563 303
196 68
867 949
35 107
578 837
708 659
410 11
68 125
466 435
134 461
210 741
331 519
688 542
52 497
350 578
595 168
802 343
218 344
903 648
508 251
756 357
589 617
971 424
883 116
93 821
778 890
894 375
393 275
443 128
759 331
390 224
597 293
568 511
528 877
992 597
255 123
922 646
965 34
781 69
520 190
432 636
927 232
874 402
52 959
533 55
91 400
276 133
391 137
163 81
635 548
160 681
46 15
970 180
643 634
724 173
603 759
361 470
924 546
882 333
230 184
947 772
61 606
964 540
695 934
39 708
697 938
594 418
872 677
564 582
56 158
849 487
609 811
119 495
682 477
436 871
130 301
347 838
167 970
349 540
243 667
822 226
27 8
428 529
83 383
347 369
272 233
91 748
882 957
865 727
346 878
708 576
763 40
188 551
586 1
505 117
348 244
285 56
486 966
18 752
690 62
433 162
427 243
921 131
146 33
637 922
133 470
66 671
366 83
553 387
584 168
619 384
754 630
761 260
74 935
668 630
465 504
748 45
854 589
266 563
781 993
144 856
559 673
960 543
624 353
583 385
975 511
245 264
507 730
832 226
772 288
574 417
499 304
558 388
931 94
118 73
488 843
289 400
283 909
517 596
877 457
276 495
578 535
286 651
202 483
993 779
533 72
133 854
492 763
641 2
489 426
104 359
81 598
512 571
127 107
895 957
226 24
118 505
921 997
378 636
641 555
592 51
392 360
644 802
520 988
452 327
316 103
433 389
858 124
69 608
552 447
245 577
774 21
721 252
290 32
454 588
578 215
589 40
799 806
32 229
401 787
268 582
181 102
425 6
262 965
953 752
510 195
100 738
157 346
262 208
172 505
536 888
370 340
388 214
822 704
541 886
895 570
212 902
233 967
680 354
49 514
968 714
197 284
780 185
7 729
124 622
112 814
67 350
171 172
373 506
880 245
131 133
825 195
860 566
730 482
768 729
950 860
952 961
925 337
46 806
776 652
505 189
636 205
585 936
312 36
894 592
976 458
598 917
357 406
908 299
298 184
186 470
46 836
545 854
331 30
907 685
973 155
815 558
224 610
630 534
169 756
600 334
98 931
526 359
505 106
134 500
72 415
511 995
34 326
450 463
618 160
131 803
542 201
566 756
177 117
566 569
128 491
329 910
281 712
1 133
969 365
465 931
990 393
957 182
288 100
451 443
395 810
166 568
801 750
56 985
919 196
155 316
809 943
989 91
359 955
338 777
68 12
520 358
5 617
298 861
131 620
589 800
531 487
867 314
729 678
791 301
945 570
629 777
261 785
898 235
154 587
584 295
501 832
424 151
168 869
101 81
642 118
416 600
364 508
598 657
882 902
551 452
214 49
968 262
855 172
583 168
259 13
486 72
686 119
692 995
950 632
840 494
690 640
853 632
77 384
538 582
631 609
532 530
425 724
131 275
79 488
511 839
132 558
131 418
480 398
319 821
759 372
416 972
695 416
223 388
384 869
148 360
921 279
439 993
757 652
344 304
549 914
969 736
179 192
626 574
75 444
510 99
396 739
438 39
294 680
856 701
162 455
567 981
962 933
338 456
272 63
99 181
721 337
750 700
761 104
589 540
982 494
324 670
67 308
500 505
937 47
105 258
879 584
495 465
143 557
517 411
769 216
311 95
51 36
124 265
994 305
351 971
430 965
158 300
582 60
745 355
172 95
279 402
78 485
256 39
328 292
786 14
418 344
914 324
964 790
430 331
718 399
24 39
315 923
111 791
739 855
365 727
159 929
719 510
318 563
680 931
981 730
267 758
501 228
613 726
76 854
953 175
202 291
857 211
705 563
627 613
797 799
804 342
851 584
135 429
470 857
492 447
79 374
521 60
339 106
859 485
43 835
218 377
614 545
621 186
955 332
524 554
957 388
317 794
221 183
948 335
796 498
699 503
588 245
422 730
239 249
424 423
663 614
10 619
656 486
168 418
252 376
226 86
583 400
382 118
825 731
901 765
428 180
831 698
510 179
572 783
170 584
310 40
193 856
914 8
446 356
558 93
611 674
881 139
197 915
85 472
991 999
441 729
257 721
114 634
442 469
67 187
42 566
46 819
990 793
94 963
276 667
930 476
282 370
907 588
826 173
667 769
54 957
700 713
152 418
684 141
823 341
928 921
743 698
972 961
122 232
575 945
843 29
304 980
817 890
871 356
946 369
911 95
678 87
812 217
631 729
486 418
250 501
269 380
595 942
266 997
346 257
478 505
996 533
815 362
574 658
558 896
634 148
165 429
136 416
524 721
498 181
274 256
500 79
126 254
386 762
297 225
767 235
325 16
227 39
685 866
975 176
977 722
486 399
342 763
419 665
689 61
542 943
569 585
585 984
835 95
532 67
1000 542
965 156
113 733
795 824
460 223
958 672
384 219
622 833
338 771
830 243
571 628
284 353
969 534
938 733
543 632
497 93
973 33
957 602
53 893
808 732
599 462
545 128
883 22
147 598
800 50
747 34
544 769
853 706
956 138
932 699
487 156
732 330
222 787
241 953
648 257
733 178
56 485
778 22
728 343
605 155
140 586
766 447
727 367
168 370
937 723
515 245
270 644
141 846
293 676
677 316
166 307
720 917
558 547
912 306
568 432
137 412
104 168
246 663
756 760
986 696
812 681
881 67
862 681
884 754
109 744
672 751
978 110
206 556
546 711
286 8
384 173
726 465
795 447
573 925
776 257
3 497
813 277
141 123
729 899
25 539
304 916
223 948
969 22
690 810
129 291
13 912
472 541
595 672
23 907
679 568
442 574
394 132
951 120
475 869
558 403
128 364
650 784
243 433
107 527
716 216
26 586
102 926
523 444
669 890
750 108
589 812
298 329
983 283
500 534
605 200
397 484
308 597
679 57
907 305
70 111
496 882
915 840
206 836
993 149
336 102
321 302
852 754
143 595
355 672
614 765
848 53
761 11
914 39
915 493
685 580
510 153
855 379
