1000
654 138 221 882 435 117 682 559 507 468 796 596 791 66 143 190 833 652 861 247 306 537 869 196 716 383 246 439 940 330 243 517 203 59 280 907 232 222 921 13 631 126 240 20 591 275 11 848 443 696 554 615 671 240 62 164 467 793 917 359 645 514 186 615 836 588 422 334 673 416 714 789 511 914 583 537 452 345 146 365 392 213 501 861 153 774 480 36 906 877 92 183 270 646 776 222 150 314 469 768 857 417 146 612 528 500 401 627 190 641 508 887 792 464 378 341 337 592 351 102 150 181 909 516 839 58 227 367 408 503 78 388 857 47 939 281 395 454 997 915 294 171 126 941 889 999 691 512 988 389 818 88 534 894 264 908 75 816 860 9 797 648 944 353 259 472 204 301 695 630 413 13 411 492 702 560 952 821 998 564 931 505 278 773 189 74 514 260 901 927 192 166 581 406 593 718 994 807 100 39 552 391 305 295 127 190 852 362 412 657 664 791 440 121 104 606 915 940 485 883 861 837 543 296 542 488 561 501 166 961 310 236 666 647 611 469 539 866 269 679 291 308 34 957 586 887 295 603 461 786 67 567 778 974 328 273 675 564 355 45 273 48 68 387 768 791 35 383 868 709 258 362 814 258 21 435 628 953 745 690 867 728 383 714 974 269 250 698 567 890 795 144 872 486 52 284 635 922 825 675 156 678 886 987 163 236 123 544 126 901 697 577 992 776 593 496 144 322 799 711 12 157 759 283 588 980 80 882 401 489 690 813 814 835 739 707 339 591 682 158 444 164 465 145 810 431 443 529 732 869 616 332 121 880 110 334 736 841 576 587 999 180 599 963 740 786 324 958 503 207 604 191 7 72 458 867 985 859 490 226 587 707 12 88 832 896 21 195 402 938 847 916 463 131 680 770 137 918 104 345 561 978 431 656 598 503 216 668 110 294 31 3 184 902 457 151 129 171 507 437 17 93 248 375 157 116 664 959 48 360 998 22 684 455 955 882 312 76 1000 228 897 767 45 368 736 519 111 394 313 285 693 152 658 102 709 876 627 698 302 644 165 695 105 351 574 60 551 90 510 976 307 988 906 637 942 848 865 986 928 224 943 271 135 21 829 70 297 950 373 80 919 481 679 525 710 102 331 45 593 220 216 174 254 734 81 455 780 588 99 607 19 908 125 733 778 890 164 677 313 134 301 517 47 7 712 831 7 553 786 37 486 261 883 267 329 22 575 662 0 655 860 404 81 477 796 908 629 407 236 588 284 299 548 355 654 883 759 751 609 56 666 471 573 558 185 892 310 549 458 801 838 289 956 456 138 131 17 855 367 157 681 118 317 258 553 931 329 976 834 566 969 559 644 196 181 136 514 304 856 274 717 177 672 831 378 436 42 668 127 88 506 816 730 323 51 877 136 569 993 595 233 706 911 699 278 556 380 762 313 368 739 318 334 507 281 866 721 634 201 253 859 801 546 854 658 800 101 568 592 674 610 546 421 392 484 125 609 343 499 965 264 667 605 595 60 233 708 724 741 421 195 630 159 654 970 396 640 867 242 703 195 434 47 166 301 39 338 309 351 299 702 76 770 730 326 895 63 841 655 852 217 79 815 781 424 659 567 206 931 196 353 704 319 938 985 107 652 607 59 41 647 257 595 148 944 709 614 822 125 301 342 589 99 393 532 442 557 105 333 718 391 713 961 232 381 715 969 164 453 509 285 599 168 582 846 709 435 201 641 716 235 349 8 257 367 972 704 613 29 596 10 225 664 411 795 836 932 812 341 705 738 253 607 217 721 446 685 435 356 447 702 468 267 351 703 800 499 30 288 560 123 251 820 499 730 268 0 102 558 122 293 917 751 560 63 690 583 598 353 887 161 677 745 505 477 762 873 444 587 199 993 929 352 82 933 0 789 972 662 585 942 756 116 143 335 249 702 342 559 106 573 202 603 179 945 193 159 72 964 536 646 482 826 602 156 176 550 223 871 664 844 548 888 555 794 120 144 485 361 361 668 918 899 624 746 474 706 869 644 535 846 602 175 397 575 848 210 370 215 776 820 300 595 28 518 947 96 568 696 364 373 550 506 783 267 751 803 650 191 741 84 734 490 226 949 961 369 296 577 840 663 40 613 543 548 190 693 140 906 493 406 89 191 574 40 819 540 855 974 633 803 591 987 273 956 452 68 327 851 853 778 310 403 607 383 855 702 31 412 522 71 176 150 875 396 22 348 221 957 816 384 200 274 949 582 544 168 158 662 296 83 833 959 492 534 196 870 656 512 352
351 178
296 100
336 477
954 643
446 259
23 7
160 104
654 734
666 776
263 840
499 951
206 960
870 72
401 211
406 966
695 67
511 741
541 651
803 647
53 130
422 901
427 964
451 185
48 217
567 707
271 752
803 638
943 694
257 924
633 4
721 19
614 101
342 987
881 864
212 900
533 836
855 487
88 95
707 171
825 772
86 219
224 328
165 553
92 116
505 54
846 786
988 224
5 184
875 201
621 349
799 851
545 346
670 242
47 311
145 260
120 425
714 31
524 189
883 576
288 413
674 37
561 478
29 373
29 134
956 872
511 305
434 470
303 46
644 997
387 660
181 780
671 43
71 977
170 203
321 994
293 148
338 248
163 42
743 62
233 121
269 391
888 469
113 243
632 2
292 976
529 32
992 149
748 911
585 974
146 19
788 30
74 944
691 125
479 193
827 807
695 948
305 28
13 659
472 468
653 696
384 730
702 706
465 41
60 588
506 224
386 146
593 799
742 981
238 565
588 217
923 720
140 94
757 311
645 192
152 726
64 442
610 183
155 492
787 164
906 552
119 223
121 527
869 271
288 20
902 765
691 493
19 897
151 125
422 177
962 51
583 531
989 952
473 405
574 181
987 750
355 843
38 835
314 861
516 323
736 320
618 345
614 121
583 267
729 345
572 75
659 209
50 971
149 29
369 114
45 692
313 489
819 201
34 152
921 241
823 847
128 755
32 777
220 664
942 42
644 712
307 778
443 475
715 7
161 491
801 300
389 932
771 395
834 120
460 664
359 968
794 796
344 878
587 60
840 57
929 104
370 333
146 310
909 373
752 839
781 676
883 701
796 437
288 615
700 781
934 37
459 950
519 133
376 507
319 190
531 255
577 497
52 10
374 461
928 443
965 887
699 609
749 109
117 952
587 937
275 420
911 254
916 853
401 961
776 451
399 619
867 261
567 279
525 748
176 535
840 494
740 138
206 612
753 286
368 207
986 673
571 492
214 359
543 226
398 740
698 679
919 711
715 444
986 458
487 222
86 873
274 582
764 420
270 110
190 870
116 416
73 558
315 395
314 341
980 102
277 935
392 665
239 793
627 955
983 49
596 571
778 483
453 230
654 733
928 929
728 875
854 956
947 345
322 530
368 91
643 436
151 135
569 210
29 75
247 509
85 474
420 813
50 800
474 537
916 81
65 302
239 834
59 9
260 963
382 210
348 423
601 6
657 696
480 268
302 422
286 607
447 990
863 159
9 538
815 335
86 563
791 761
253 944
16 324
671 775
599 985
281 24
213 232
126 698
783 44
805 425
993 308
499 367
231 638
377 441
593 678
159 541
90 114
885 399
128 117
2 560
564 778
183 136
935 112
899 213
499 645
391 818
618 687
42 402
418 284
346 713
710 361
757 691
893 309
873 604
211 83
902 96
17 760
55 849
882 3
111 742
28 251
245 33
788 122
976 565
502 262
843 714
16 375
295 97
491 251
143 429
112 515
559 181
967 25
434 864
761 618
234 459
178 734
381 874
218 989
544 898
522 938
223 325
525 33
686 856
571 372
293 798
759 779
184 8
76 590
454 234
185 335
414 329
555 904
744 544
710 971
240 498
648 301
228 142
129 841
784 385
696 693
825 570
200 695
628 756
860 619
63 8
26 278
919 553
283 114
634 821
914 602
600 782
35 636
247 402
648 58
702 275
441 569
423 56
208 521
986 515
810 472
961 6
173 341
362 612
538 966
9 754
98 962
435 542
893 715
16 2
95 558
201 397
358 659
814 828
903 68
347 907
663 183
925 135
323 331
609 837
833 646
768 390
341 811
515 808
380 841
220 337
669 732
750 411
866 191
826 770
480 514
99 357
946 750
227 443
490 190
705 233
997 56
932 338
848 617
420 13
960 709
261 866
701 787
192 329
168 960
489 432
210 537
715 664
677 337
395 868
686 282
756 193
31 278
876 833
754 439
336 225
383 52
661 928
261 157
551 624
689 119
305 534
618 573
698 450
176 815
855 115
697 243
250 148
915 954
464 566
790 447
17 737
388 921
966 141
487 732
552 320
656 799
946 131
504 996
320 57
881 80
548 116
359 832
227 849
355 366
274 86
994 172
830 636
343 626
639 462
589 680
504 28
662 230
1 996
767 468
201 824
46 933
446 339
865 793
445 904
905 424
10 850
108 72
926 397
845 891
745 416
182 400
670 580
620 881
988 604
489 960
402 533
761 118
766 353
956 419
694 497
167 720
107 882
980 490
690 691
430 727
164 898
333 634
717 227
943 816
371 492
547 478
485 701
780 799
289 335
809 499
528 264
203 396
305 586
127 719
307 84
299 916
395 727
47 789
390 740
395 965
129 117
32 838
639 238
409 270
392 786
256 298
197 445
975 112
166 143
4 799
308 249
727 903
350 630
873 941
502 817
124 660
323 772
357 788
631 604
642 636
127 79
777 445
751 307
995 326
394 262
862 42
138 971
585 962
350 9
467 429
875 990
578 329
332 336
920 359
896 331
980 290
478 760
44 639
891 161
682 740
95 69
273 3
434 281
532 866
923 95
194 961
667 288
684 701
415 439
274 298
461 209
565 206
714 812
1000 827
939 831
228 346
870 22
619 452
719 517
222 892
469 25
571 742
82 548
466 283
127 758
763 779
610 531
749 991
15 809
305 352
829 100
735 757
64 454
912 853
859 495
769 943
26 730
564 883
12 772
18 562
199 581
854 993
287 198
163 910
420 512
259 548
62 913
182 330
953 719
788 244
289 521
944 618
36 998
507 224
379 393
249 163
206 426
969 560
895 175
651 14
973 931
199 770
306 359
627 716
860 91
672 893
454 139
143 739
748 963
781 235
445 281
858 939
7 132
742 236
575 49
181 725
18 401
795 663
801 760
25 970
501 189
495 404
571 237
707 724
894 685
881 884
325 495
392 528
291 476
211 924
248 56
950 160
245 205
733 842
133 692
606 893
964 196
704 620
401 189
427 835
53 487
410 565
949 275
747 472
723 761
146 746
52 947
640 361
252 685
568 901
603 361
96 226
35 958
60 179
325 63
147 866
440 579
755 554
156 696
476 697
908 373
434 39
8 592
16 773
438 909
466 999
166 287
917 625
41 510
70 180
832 51
473 600
316 983
372 454
259 888
356 468
58 159
641 962
193 312
340 29
972 997
901 95
697 845
137 480
247 826
21 865
881 878
562 792
636 431
490 265
409 607
391 922
655 665
734 290
750 828
294 779
488 5
297 714
262 539
103 484
66 987
629 423
875 131
658 559
119 221
867 858
31 461
78 782
346 869
431 703
116 530
159 310
773 365
625 327
425 106
749 138
765 54
608 776
935 730
514 588
662 61
321 217
983 307
806 130
326 456
621 774
965 638
375 158
708 443
296 591
523 998
763 118
892 579
936 618
123 273
700 502
803 317
168 822
45 364
682 589
919 412
584 502
280 444
931 490
836 448
847 333
228 518
406 884
263 525
555 557
125 212
27 738
40 200
829 930
378 215
337 78
72 600
100 288
482 343
331 726
195 348
207 587
122 877
353 874
550 505
472 19
802 171
93 585
647 520
198 695
740 833
117 262
391 737
318 584
692 663
622 303
379 855
248 794
668 187
852 280
127 694
161 844
464 875
563 827
853 595
61 409
216 318
272 895
438 762
650 770
74 556
905 222
499 540
285 160
422 193
418 521
609 232
611 117
738 574
963 81
949 733
526 323
166 481
455 614
425 75
38 956
270 585
133 837
269 321
350 680
828 698
725 675
68 455
428 153
240 676
170 747
982 276
804 29
309 685
496 343
516 37
736 718
652 991
683 503
948 520
918 79
90 637
505 978
547 303
97 768
294 567
417 335
681 404
246 662
909 623
431 523
436 785
385 605
898 707
463 779
736 598
266 404
334 305
388 103
879 919
365 191
386 449
505 507
70 409
228 933
200 660
593 311
474 617
436 484
175 774
594 934
785 62
640 352
936 977
989 858
408 864
810 982
381 882
282 314
377 428
419 513
899 465
986 140
882 508
940 725
273 616
407 537
762 445
150 472
602 459
613 500
979 527
713 119
892 174
527 186
684 549
125 229
649 114
885 135
187 62
76 716
332 598
315 871
14 531
718 466
76 379
820 465
536 103
202 544
865 169
116 595
429 890
543 716
433 490
59 605
57 985
193 465
979 738
354 178
373 938
353 203
613 159
657 424
1000 959
937 188
688 345
273 288
849 792
959 880
670 228
84 214
951 313
921 10
403 20
951 11
592 503
993 635
2 182
797 615
273 36
258 555
927 772
360 487
696 665
893 788
945 36
204 498
35 196
248 457
89 125
879 496
791 671
57 597
94 184
651 907
143 776
889 608
742 154
310 304
827 90
370 877
546 287
941 421
665 783
341 644
919 441
526 486
400 967
471 247
419 625
111 984
289 230
719 250
162 243
77 21
848 551
697 984
576 105
957 634
995 636
239 581
6 293
577 676
37 192
713 363
722 827
774 167
262 87
762 731
437 926
551 686
378 496
122 144
957 411
668 886
152 668
542 687
857 689
