1000
724 78 531 336 21 366 902 899 710 433 700 139 887 220 634 575 616 425 904 182 728 647 797 649 277 789 5 853 446 643 988 32 283 230 608 523 409 251 440 411 866 417 798 122 500 763 925 306 882 270 737 577 134 16 268 957 412 525 246 615 649 60 618 398 8 123 522 834 617 101 572 481 966 512 722 283 509 691 933 290 283 729 13 733 835 508 789 925 184 146 658 242 516 991 439 531 268 421 16 308 278 437 285 918 943 495 888 734 503 551 223 287 160 928 267 425 2 881 490 798 75 334 477 819 125 991 337 63 304 438 249 991 643 968 20 832 905 886 437 301 191 722 748 27 579 547 532 240 737 400 485 52 670 946 140 830 384 133 634 290 814 537 736 80 180 409 947 190 196 296 870 231 736 917 668 302 772 663 798 885 78 316 846 456 549 352 570 363 626 899 536 308 950 617 44 644 982 69 899 226 474 597 469 425 16 329 406 589 528 719 604 949 86 956 154 391 555 52 875 755 52 587 717 659 121 839 774 859 713 150 808 661 849 995 537 957 777 398 240 239 806 929 650 832 652 21 282 763 932 768 286 324 324 277 512 221 625 307 367 191 746 598 922 695 477 265 772 776 567 930 821 523 230 458 629 288 719 110 705 627 511 876 437 650 512 60 210 318 289 752 118 833 815 747 856 295 64 578 204 183 526 649 297 501 884 481 790 841 27 392 113 833 954 815 718 239 893 274 537 341 541 258 538 865 415 282 958 188 511 931 847 326 816 160 399 47 890 928 268 435 813 101 794 585 625 571 345 339 664 254 590 874 557 681 808 812 206 914 555 190 693 419 299 608 651 9 466 614 421 230 81 523 159 370 743 782 697 992 231 325 216 664 916 90 870 359 928 106 632 617 404 622 945 749 680 424 83 439 743 424 516 271 477 113 223 780 665 108 730 276 328 288 933 2 38 702 944 126 536 631 136 459 648 432 132 356 381 380 908 635 153 192 350 778 597 629 181 679 184 567 708 847 80 101 886 342 660 342 140 894 37 612 637 280 856 314 715 551 531 567 701 614 24 182 317 680 493 352 699 876 346 736 946 483 259 992 374 882 517 126 367 672 605 629 30 671 772 80 128 535 652 375 698 738 582 317 744 324 762 476 72 297 351 14 968 983 491 571 542 503 337 598 295 611 335 964 186 304 678 915 985 516 509 178 259 119 934 670 510 668 628 17 918 863 890 303 189 206 210 278 411 676 427 752 544 78 92 358 492 228 187 602 208 175 325 891 624 980 27 254 365 519 788 641 835 507 508 886 686 129 145 829 815 449 456 470 265 938 262 122 664 519 519 431 697 767 771 847 222 827 396 838 328 166 373 490 768 475 12 923 984 816 530 635 593 135 483 729 958 692 922 936 271 285 139 858 228 633 611 429 480 918 26 783 238 839 558 109 366 306 977 954 900 568 422 247 111 562 518 105 698 990 893 800 356 480 18 35 785 13 7 267 649 516 576 463 227 558 914 87 241 886 554 339 183 646 867 177 921 896 338 31 894 731 925 691 234 363 246 720 33 222 67 138 440 932 962 887 74 153 210 599 570 306 836 895 222 752 692 326 434 960 266 722 942 202 56 326 92 359 499 207 26 980 581 451 560 317 674 397 77 679 111 477 504 498 341 936 329 715 87 875 169 854 110 35 271 85 175 89 831 359 853 516 263 769 680 319 531 176 907 344 858 463 413 937 281 617 239 581 763 415 8 722 640 297 601 312 404 903 584 108 76 664 231 885 518 889 55 318 533 512 47 453 199 100 106 720 115 547 776 735 845 69 184 260 214 246 614 745 356 886 344 972 24 543 155 835 17 705 644 678 177 543 314 871 567 798 40 527 854 56 246 113 476 262 182 433 645 95 980 940 73 107 983 291 20 721 664 352 805 434 939 787 924 851 730 260 105 393 104 621 735 739 776 247 356 857 565 105 171 856 170 440 354 688 59 128 488 775 975 172 74 48 355 197 924 424 677 990 110 163 829 443 733 95 326 684 977 594 939 813 503 426 543 297 23 553 254 47 682 883 96 980 576 565 188 824 394 121 251 699 718 736 656 235 960 326 677 179 187 876 712 75 591 811 71 400 835 825 641 317 496 376 549 402 684 755 925 97 294 954 466 49 565 118 268 697 871 347 313 173 733 334 661 700 375 43 971 179 566 298 561 906 689 421 569 198 864 450 321 61 722 397 677 231 58 561 406 958 809 949 168 107 666 489 601 973 638 826 442 672 584 361 87 482 452 324 263 668
921 671
958 671
366 485
422 671
576 671
939 671
375 573
380 671
369 671
768 671
419 671
878 671
217 671
197 671
424 671
546 601
61 112
307 671
598 671
578 671
148 671
272 345
437 436
467 671
299 671
918 671
105 781
794 671
649 671
582 671
71 671
292 353
509 671
115 671
571 671
825 671
167 671
660 671
805 671
349 671
774 671
231 671
492 671
725 671
611 802
891 671
215 671
427 671
989 671
553 671
207 671
926 671
879 671
648 671
402 671
155 671
412 426
168 821
527 670
290 671
882 671
562 671
49 671
280 671
504 931
532 671
245 671
915 671
164 671
418 895
304 671
382 671
205 274
694 671
696 622
680 902
667 671
25 671
214 671
928 671
457 671
956 671
64 671
255 671
999 671
171 671
479 170
125 671
856 610
243 671
845 671
139 671
950 671
609 671
778 671
507 671
600 671
459 671
798 671
392 988
893 671
771 671
344 671
686 671
839 671
145 671
149 671
293 671
362 533
626 671
544 657
581 671
727 671
753 671
267 671
607 671
518 671
413 279
188 671
655 671
503 671
376 671
206 671
284 104
325 671
835 671
887 671
463 671
396 671
790 671
86 671
938 671
665 809
29 671
914 671
300 671
431 671
242 671
729 671
894 671
760 671
178 671
291 671
50 671
321 671
666 671
700 671
601 671
227 451
678 671
947 671
905 671
281 671
38 620
498 671
194 499
965 671
238 671
570 671
713 671
602 671
815 671
168 671
888 671
861 671
315 671
18 716
434 671
347 758
316 671
741 671
82 671
946 671
179 671
541 271
6 671
525 671
248 671
57 59
89 707
897 671
423 671
890 671
204 671
265 671
733 671
331 671
223 671
944 671
795 671
437 384
464 671
717 808
172 671
876 671
575 671
978 671
873 671
625 108
199 671
198 671
465 671
736 671
342 671
375 671
208 671
133 671
889 671
262 752
203 671
351 671
355 324
57 671
324 671
177 350
590 671
693 671
30 841
539 671
165 671
128 671
672 671
849 671
5 671
377 671
353 671
117 671
368 311
633 671
568 671
486 671
323 671
23 671
611 671
409 904
804 671
806 630
261 671
481 671
959 671
9 671
122 671
712 671
906 671
347 671
632 671
85 671
791 671
295 671
320 671
201 671
284 671
961 405
857 671
719 671
837 431
801 671
941 671
588 671
408 671
613 197
275 32
62 757
499 671
234 671
125 84
19 805
457 11
711 671
250 671
674 641
403 548
830 701
908 671
604 671
391 671
657 671
708 671
161 671
963 671
958 866
417 671
783 390
784 220
643 671
723 671
545 463
692 91
756 671
425 958
710 671
416 671
506 779
364 671
754 671
90 671
772 671
395 617
903 671
621 671
597 671
617 671
296 628
929 622
153 671
339 671
728 671
41 671
560 433
397 671
288 671
634 671
863 671
15 664
705 671
78 671
158 671
948 671
31 671
627 671
28 671
749 221
832 671
143 671
998 671
684 349
573 196
979 671
68 671
462 671
193 671
297 671
516 671
246 671
229 671
190 671
630 671
443 671
369 721
732 671
478 671
681 671
512 110
847 671
228 671
922 671
967 486
687 671
984 671
116 487
656 671
455 671
510 688
491 671
21 671
552 154
180 277
371 671
46 229
225 671
970 671
526 671
764 671
524 962
287 671
213 671
552 671
115 241
840 671
89 508
898 671
517 671
555 671
370 671
360 671
799 671
797 671
160 671
991 671
618 900
691 671
219 671
54 671
942 671
569 671
27 671
547 671
885 671
174 409
253 671
919 671
818 671
561 734
865 671
277 671
405 671
943 671
951 671
686 233
653 671
42 671
289 671
652 671
782 671
800 474
452 671
945 671
896 671
400 671
48 671
990 671
142 671
872 671
831 529
803 671
996 909
121 671
178 901
976 292
605 981
4 671
119 671
313 671
81 671
65 671
755 671
144 671
913 671
867 671
454 671
497 671
670 671
904 671
14 671
881 671
745 671
988 671
536 334
843 671
490 671
109 671
834 671
473 671
645 671
514 621
230 671
412 671
916 671
52 671
591 671
410 671
182 671
952 671
113 671
475 671
326 671
357 43
752 671
381 671
26 671
902 671
915 563
458 671
980 671
96 671
703 671
468 671
226 671
83 671
827 671
116 671
874 671
567 671
60 671
833 671
494 671
603 671
87 671
362 671
474 157
932 671
317 671
668 671
78 853
716 671
137 671
629 671
539 420
747 671
505 671
717 671
22 671
3 671
77 671
485 671
743 290
100 671
586 671
79 463
332 671
823 671
383 671
384 671
501 671
239 671
361 671
702 671
610 738
813 671
886 671
706 671
769 671
895 671
421 671
283 671
718 671
132 671
63 671
540 671
820 671
159 671
997 671
310 312
776 935
129 671
992 671
389 671
784 671
363 671
715 671
477 671
682 671
156 671
535 671
860 671
975 509
93 671
122 592
13 671
88 671
163 671
210 714
348 671
333 671
538 671
550 671
698 971
717 679
414 671
279 671
482 671
456 671
710 221
836 123
554 671
80 671
493 390
52 502
390 671
842 690
851 671
266 729
773 671
69 671
232 671
224 671
757 953
636 671
740 671
404 671
673 671
89 671
864 671
738 671
182 495
751 530
937 671
927 671
254 693
982 671
305 671
676 671
282 671
515 671
411 671
827 767
521 456
445 785
336 671
354 671
974 171
724 671
726 671
737 671
244 671
537 671
869 671
415 671
722 671
64 647
236 671
528 671
47 671
868 671
720 648
674 671
907 340
268 671
650 671
595 671
259 671
16 671
735 671
875 671
359 671
880 671
108 671
318 671
850 216
714 671
704 671
686 513
824 671
574 671
445 671
136 671
294 671
729 329
561 671
252 671
770 671
444 671
669 671
259 701
132 92
257 874
327 671
551 235
663 671
162 671
75 671
899 671
10 671
434 55
258 671
378 671
91 998
240 790
106 373
45 671
614 671
787 671
812 854
340 671
480 671
793 671
469 671
301 671
665 671
458 962
523 671
596 671
510 671
319 671
99 671
124 671
593 671
739 671
114 175
53 671
126 671
934 671
286 671
32 671
765 671
102 671
582 2
690 671
73 671
731 671
170 671
298 671
263 671
931 671
811 671
72 671
271 671
844 671
118 416
789 671
746 671
822 671
285 671
222 671
644 671
483 671
51 671
622 671
202 671
170 651
664 671
379 671
175 671
106 920
212 671
276 211
612 671
635 143
933 189
940 671
308 671
983 671
572 671
36 671
466 671
138 671
448 994
551 469
646 671
925 671
127 675
608 671
134 671
828 671
762 671
398 671
278 671
549 970
522 671
346 671
66 671
24 671
135 750
966 671
453 671
564 671
39 671
852 671
94 78
107 232
730 671
699 671
935 89
759 671
984 260
780 671
777 671
67 671
971 671
393 671
658 631
987 671
917 671
187 671
1 671
106 671
141 671
471 671
877 671
347 451
192 671
500 671
433 671
775 671
583 671
807 671
448 894
957 671
105 671
557 671
312 671
558 671
69 40
605 671
985 671
438 671
489 671
56 671
35 671
484 671
826 671
848 671
365 530
169 671
407 671
338 101
817 542
1000 671
542 671
972 671
249 671
130 661
335 671
169 446
176 334
697 671
300 923
543 671
585 671
442 671
441 671
367 671
964 671
146 671
819 671
800 671
306 301
276 671
584 671
606 671
38 671
618 103
350 671
256 671
127 671
200 671
623 671
172 911
884 671
111 845
7 671
900 671
58 671
871 671
933 671
556 671
577 671
130 671
637 671
269 179
579 671
470 671
274 671
685 671
135 671
955 671
352 671
147 671
640 19
337 671
744 671
616 671
406 671
152 671
216 671
536 671
472 611
114 372
496 671
659 671
49 695
95 671
986 671
580 671
204 185
322 671
968 671
683 671
173 671
977 671
151 671
37 671
619 671
385 671
909 671
264 671
662 671
374 671
637 184
311 671
430 671
183 671
862 671
302 671
251 737
20 671
387 671
439 671
8 671
836 671
186 671
309 671
788 671
460 371
936 671
534 671
270 671
403 671
497 61
858 671
838 379
399 797
296 671
461 671
415 709
910 627
237 671
365 671
870 671
447 671
642 671
639 671
883 671
949 671
654 671
394 671
34 671
140 671
566 671
449 671
166 671
209 671
97 671
506 671
405 12
912 671
846 671
385 338
954 671
766 671
74 671
356 746
859 671
341 671
676 62
615 671
76 671
185 181
993 671
677 438
761 671
689 671
796 671
599 671
30 671
98 671
191 671
565 671
330 671
410 512
529 671
589 671
969 671
44 671
829 248
33 671
594 671
520 671
511 671
638 671
450 671
358 671
624 671
855 671
973 671
531 671
742 671
930 671
440 671
268 519
488 671
247 671
432 671
678 476
995 671
150 671
924 671
786 33
43 671
631 671
748 671
428 671
303 671
195 671
816 671
328 671
429 671
131 671
120 671
587 671
29 70
854 671
345 671
960 671
273 701
792 671
892 671
401 671
218 671
435 671
814 723
726 810
314 671
499 763
840 386
559 671
343 671
388 671
17 671
