1000
259 17 124 591 494 667 120 638 711 500 383 346 633 554 541 468 707 680 958 758 536 340 975 360 747 389 129 410 163 214 806 714 321 789 747 790 319 720 128 850 856 634 609 587 29 218 520 699 451 867 791 964 469 344 1000 340 449 453 953 2 321 338 907 447 419 906 877 578 849 544 315 724 263 163 375 144 643 599 241 645 871 982 712 690 429 850 753 464 559 635 355 809 856 789 870 567 898 839 140 363 991 248 602 74 46 284 672 122 136 335 532 990 233 164 485 335 61 985 802 534 747 369 610 809 215 520 889 494 582 825 827 77 792 88 128 128 547 90 335 266 834 841 503 423 343 833 805 106 505 879 638 479 814 508 621 946 257 975 165 689 398 609 68 59 195 285 588 352 955 91 586 771 310 119 723 435 558 497 611 354 581 566 508 493 381 893 501 871 576 205 115 145 841 19 112 182 616 657 291 442 651 939 468 767 895 944 739 614 80 780 303 517 373 621 36 639 879 294 456 401 383 904 792 321 18 788 153 647 573 710 873 528 518 98 523 82 970 840 240 664 11 510 433 523 615 8 112 56 856 675 855 932 772 211 158 343 458 331 418 238 537 768 147 619 109 850 72 96 88 161 44 918 200 542 654 764 991 560 935 45 115 184 647 972 412 721 947 262 825 983 362 713 8 235 854 782 91 985 418 423 872 86 610 547 477 956 821 392 281 310 293 508 719 776 20 308 484 99 16 652 731 630 856 120 860 26 634 224 788 572 111 270 880 405 199 361 292 152 927 505 524 509 662 176 733 537 663 466 72 164 602 823 575 32 21 681 478 276 667 532 974 926 519 932 441 59 260 770 400 757 630 446 720 363 827 447 129 846 947 476 495 553 309 834 223 173 823 273 310 587 482 1000 527 113 693 801 663 460 907 616 870 223 383 680 320 565 407 566 35 134 694 198 713 652 419 875 842 15 972 433 930 672 135 814 386 779 563 918 903 715 146 187 341 676 925 850 206 299 206 879 33 976 303 446 390 564 600 567 792 282 454 576 802 313 183 577 927 571 968 374 343 984 229 941 539 494 14 1000 174 923 669 103 229 27 737 251 687 679 874 640 774 569 426 776 421 429 664 303 71 917 277 478 242 740 389 241 737 644 54 529 771 857 942 171 691 714 882 162 201 151 301 685 297 183 580 625 784 127 675 751 921 722 637 477 400 935 584 543 627 793 290 54 398 366 459 179 753 692 840 136 160 385 876 205 9 376 889 143 361 615 586 568 998 208 331 279 860 263 548 39 339 14 42 807 693 657 577 729 802 496 190 204 435 135 945 544 706 274 451 281 301 175 499 734 260 383 494 836 971 362 99 198 730 835 332 7 786 262 37 746 698 607 549 572 266 206 826 130 879 11 526 0 421 840 678 687 55 406 178 597 658 922 678 44 249 77 682 327 566 897 431 825 545 884 248 323 358 500 907 196 662 461 176 388 970 574 525 668 2 304 587 673 798 678 192 396 864 712 125 861 384 583 320 157 932 452 302 431 510 91 815 130 486 413 724 112 405 151 637 17 417 813 14 878 550 273 521 32 515 675 990 693 242 829 272 21 949 68 842 548 26 522 664 275 485 861 203 56 306 105 898 177 641 537 586 198 441 411 312 381 222 838 371 68 941 415 463 55 833 987 514 703 525 23 87 650 230 274 378 105 69 941 325 832 800 740 107 677 273 489 789 986 638 762 111 932 12 38 132 962 835 954 17 427 53 94 285 31 186 444 804 935 428 715 130 966 466 990 359 633 303 642 131 196 689 555 743 798 857 174 680 270 879 400 674 730 823 639 672 653 177 868 688 226 741 599 653 969 861 282 217 324 812 482 19 845 525 465 896 52 312 615 488 605 572 307 898 596 507 756 453 896 420 702 264 996 671 584 140 766 132 425 268 165 930 252 661 313 317 219 861 494 381 421 386 708 828 697 513 180 767 655 696 31 111 608 164 421 661 780 934 659 260 407 890 530 80 484 587 652 774 13 756 593 133 731 407 509 631 119 15 297 821 86 122 675 25 394 668 252 147 965 982 715 959 434 369 531 558 756 499 482 136 298 15 234 906 989 6 728 320 152 160 835 208 717 616 483 515 856 568 247 282 688 317 918 957 201 377 556 171 237 288 484 473 673 39 677 100 552 872 807 84 919 579 347 181 859 756 282 604 508 404 874 763 439 358 624 695 994 106 821 479 804 395 368 414 29 545 303 350 796 564 349 113 70 456 413 787 865 407 624 801 83 220 578 725 675 895 848
397 640
368 924
501 410
853 119
816 766
703 900
285 616
519 640
707 499
767 255
743 678
317 860
416 178
617 119
62 119
641 119
109 640
778 640
2 119
29 119
980 178
148 119
673 178
248 640
74 119
790 640
591 178
763 640
549 762
71 640
957 119
773 640
447 415
220 565
968 178
238 119
512 640
636 119
78 932
286 178
306 640
233 345
507 620
192 119
890 178
244 640
751 178
322 119
631 623
98 640
712 279
162 119
917 119
920 119
214 252
962 640
288 178
283 671
584 640
745 640
764 333
53 640
209 169
899 578
960 640
918 640
963 294
111 178
349 640
54 394
795 904
94 178
184 964
833 144
469 640
722 640
670 178
487 572
838 178
495 178
98 369
954 178
161 640
216 640
145 640
370 178
652 309
860 178
785 640
897 640
813 640
972 422
764 640
709 178
684 644
3 178
608 821
51 178
48 640
130 432
581 921
21 640
338 119
136 119
278 178
304 178
294 119
818 640
286 892
67 640
805 640
728 178
841 178
84 640
531 618
291 178
717 640
814 54
403 640
737 655
326 119
224 119
872 767
688 380
426 768
611 107
400 178
573 178
551 484
492 640
781 119
949 178
78 399
919 37
748 178
331 687
772 119
547 82
697 119
331 640
205 178
153 868
998 742
730 119
789 640
356 413
68 724
204 98
472 640
512 189
379 640
104 640
603 119
106 595
38 444
361 178
416 217
307 178
871 302
964 346
156 640
705 178
144 178
388 95
462 178
165 119
106 665
82 119
54 640
520 119
457 638
946 640
668 640
400 735
684 178
242 461
501 119
470 119
669 168
128 159
938 178
419 119
955 119
403 779
658 178
724 150
225 119
978 640
650 236
227 640
755 968
357 640
986 119
602 640
481 197
544 119
716 178
944 119
639 449
58 119
990 258
990 87
683 883
130 119
562 119
559 756
218 640
376 157
1000 154
780 554
337 147
83 588
969 183
790 738
122 119
525 119
583 119
867 119
126 178
692 178
966 119
328 640
385 178
548 640
435 178
677 764
742 119
383 178
32 401
851 178
634 119
829 119
448 119
529 825
65 597
859 178
604 341
219 119
969 336
230 640
884 201
305 119
948 640
509 119
567 640
257 640
624 162
173 436
177 463
374 178
639 119
339 372
598 178
41 452
164 496
125 640
534 240
422 640
193 178
827 119
653 640
416 698
78 77
958 119
351 586
580 973
993 640
984 307
257 840
887 137
179 438
453 178
525 398
414 674
94 667
626 666
701 106
97 662
810 178
642 178
28 300
674 119
195 912
966 290
571 119
442 119
305 928
174 119
610 640
768 221
74 565
637 628
975 178
350 54
228 758
930 291
675 113
336 178
632 178
764 72
405 178
656 178
315 695
382 178
513 119
753 640
241 119
540 640
271 119
613 119
802 852
311 178
249 640
251 119
650 160
856 972
518 119
254 640
866 178
508 640
29 15
796 640
857 640
744 178
552 640
172 119
76 640
39 256
967 61
572 640
6 178
364 640
154 910
560 640
355 119
611 178
112 640
318 504
532 119
609 52
514 640
649 119
406 308
925 178
953 640
81 640
884 178
80 640
551 640
567 739
108 119
40 119
20 342
663 884
437 119
468 178
869 48
496 178
289 178
147 119
90 178
893 119
86 215
138 640
681 119
499 938
261 868
356 482
589 119
841 334
855 500
669 771
985 178
63 640
710 119
91 640
832 178
390 318
826 178
988 713
497 468
49 903
407 711
96 640
23 178
30 119
718 119
561 119
140 640
176 119
809 542
42 927
843 178
160 640
312 178
431 640
648 178
524 640
327 178
42 178
247 640
740 119
633 640
360 924
870 119
19 640
458 178
516 388
762 747
402 178
521 708
988 119
915 640
235 640
625 119
207 119
828 640
849 81
194 640
76 824
992 380
70 119
456 769
808 640
116 119
874 640
352 178
215 640
873 178
846 178
64 607
171 724
45 119
539 453
384 494
983 329
439 640
570 180
443 472
902 178
569 556
211 178
275 640
933 119
620 119
951 640
79 429
314 119
835 178
541 119
847 119
266 178
293 929
417 178
486 119
347 119
428 640
932 178
222 640
404 119
49 640
177 178
759 640
770 640
629 11
343 119
534 979
293 119
231 680
873 555
598 353
131 235
303 625
712 178
677 699
412 741
601 640
365 640
181 885
543 178
931 844
6 127
907 178
300 119
797 880
747 178
973 178
635 119
579 745
500 692
55 119
420 640
154 178
463 557
643 184
454 15
127 213
392 640
158 178
1 640
886 640
545 178
535 119
597 119
310 640
103 640
212 418
481 896
240 503
455 876
475 111
606 640
627 119
668 621
153 178
408 119
922 525
966 690
811 689
7 850
427 3
914 640
587 178
235 526
375 119
615 785
43 178
27 640
17 468
698 188
586 119
206 640
880 546
358 178
968 347
812 178
706 945
316 479
863 640
999 178
994 640
757 626
185 119
676 178
451 119
686 640
359 119
737 640
56 178
110 96
780 728
729 640
924 178
550 3
123 995
190 288
590 155
413 119
280 119
976 640
842 724
643 119
208 338
191 119
616 640
60 119
25 570
506 640
946 934
844 119
323 640
7 797
779 723
656 992
675 178
632 733
878 119
927 537
325 914
309 178
72 807
22 700
510 640
38 178
232 715
695 640
574 317
614 568
116 533
474 178
471 119
594 178
466 877
788 902
564 119
617 44
879 762
749 178
100 640
433 640
118 119
760 272
460 93
114 178
647 267
200 178
152 640
12 178
527 119
488 640
409 178
545 464
282 119
478 119
267 178
936 378
520 961
996 531
9 640
397 725
637 178
376 37
505 426
767 229
752 583
848 119
847 803
242 119
821 640
386 112
862 71
283 815
599 149
877 119
452 119
310 320
593 974
607 640
841 536
666 480
895 119
605 112
359 292
673 629
102 151
139 178
299 408
775 992
36 178
685 119
16 852
858 450
428 69
436 178
186 119
246 178
546 175
102 119
913 640
571 887
952 119
255 119
854 610
389 640
965 178
654 640
806 528
203 178
761 251
196 178
75 577
575 178
656 746
95 796
638 640
98 381
894 943
875 640
161 141
109 750
401 178
316 942
178 706
522 178
195 119
232 640
793 615
319 178
816 100
123 273
287 51
301 481
259 801
682 640
243 103
546 640
154 490
24 653
593 640
362 119
671 178
919 178
117 640
619 133
570 178
142 640
889 198
784 119
277 447
284 119
377 178
940 640
212 119
371 640
979 640
794 178
878 732
263 640
991 640
318 178
272 178
894 640
423 178
661 285
803 876
296 671
301 119
598 694
950 640
480 276
653 459
186 786
139 88
245 256
444 66
540 834
604 119
26 178
338 407
837 119
472 754
830 119
330 178
900 178
804 119
425 544
806 640
531 119
882 119
720 119
798 119
79 178
226 178
258 119
590 119
10 640
411 119
334 378
971 119
727 178
445 178
181 640
646 178
342 119
819 119
864 492
71 696
777 178
588 640
721 119
101 119
85 119
493 178
135 472
498 119
831 808
339 119
782 847
631 119
515 119
391 119
865 495
989 178
237 178
817 178
776 640
228 119
672 453
73 119
75 119
298 870
517 119
485 119
124 119
592 746
700 640
221 119
792 127
441 640
538 119
274 640
596 103
5 119
253 385
146 53
916 178
907 660
791 178
134 178
138 321
367 857
99 711
566 178
179 119
800 152
49 977
704 297
956 182
460 178
199 219
52 178
120 178
159 119
46 279
911 574
81 268
502 640
97 178
891 406
366 640
424 178
951 348
4 640
21 888
163 115
214 178
630 409
494 178
585 178
395 178
556 119
269 178
669 982
363 785
659 209
111 332
731 119
477 178
373 324
858 564
129 5
415 119
509 645
182 178
39 483
105 886
601 679
702 640
250 640
788 14
138 59
530 640
563 871
558 640
344 640
476 119
937 489
18 640
981 640
511 163
163 178
187 178
947 178
736 178
370 923
774 49
393 119
354 640
295 135
619 640
719 291
787 530
430 178
210 119
106 640
582 178
202 178
937 640
13 178
578 178
905 178
868 223
276 640
412 178
825 178
166 234
906 633
310 871
894 465
581 594
4 664
935 119
256 178
726 119
79 799
734 106
908 187
714 119
47 640
491 640
329 640
143 640
823 119
276 50
325 987
724 178
406 326
57 665
166 640
802 119
612 178
881 226
8 809
350 260
939 684
270 178
198 640
421 178
121 640
335 178
373 119
769 119
553 178
689 967
446 119
125 845
968 693
809 640
820 640
35 178
170 178
440 640
904 640
262 523
783 178
765 119
898 178
669 178
92 424
387 640
622 178
479 119
345 664
263 691
637 265
218 959
657 119
614 640
396 119
209 119
33 119
434 119
836 119
970 433
926 178
149 178
486 651
467 119
34 349
991 861
325 119
264 178
839 411
822 119
704 640
239 728
576 640
683 191
259 640
898 901
476 132
756 136
678 178
997 178
727 521
281 178
909 640
313 229
941 119
600 749
871 473
340 640
560 231
89 640
523 178
230 689
172 31
995 640
167 640
