1000
147 373 631 776 975 548 429 83 943 694 95 193 860 302 402 566 696 645 684 701 752 809 487 97 924 852 705 378 405 723 393 38 355 117 972 814 462 226 722 482 983 362 10 492 638 609 985 797 824 327 232 89 512 704 459 696 398 478 884 156 934 545 827 409 661 761 353 715 113 924 454 572 628 734 495 724 384 682 425 722 188 996 214 314 669 50 429 277 891 480 794 711 206 562 335 981 573 307 692 607 509 304 916 944 14 965 700 877 257 789 30 426 417 719 872 732 197 752 397 247 444 49 173 711 954 236 272 103 948 709 262 925 220 428 790 761 910 532 927 440 441 927 674 754 364 444 992 395 566 533 76 737 787 500 398 498 420 157 352 763 536 49 691 621 113 602 260 841 785 495 434 305 553 685 287 852 48 439 57 862 693 566 132 683 10 69 506 302 995 78 49 859 823 866 862 657 72 650 882 611 339 775 52 292 758 393 61 904 791 386 577 499 125 184 3 268 354 347 84 79 955 348 122 260 628 204 851 674 107 376 588 798 8 406 488 131 919 393 816 957 215 762 663 799 327 874 962 906 72 385 429 31 845 388 15 172 899 734 596 235 117 117 245 452 827 757 804 806 530 602 640 553 821 418 974 336 38 521 923 585 215 881 741 861 509 43 120 311 286 943 416 706 731 959 671 681 477 995 575 591 332 477 205 437 97 999 557 579 115 922 524 277 518 526 773 515 31 858 208 713 575 923 729 69 756 580 544 13 743 323 540 834 471 721 297 389 745 226 271 107 93 864 462 319 313 254 736 227 312 792 661 169 551 457 269 664 818 846 699 452 996 683 177 950 34 319 480 204 934 687 756 203 693 36 209 748 43 128 344 392 121 33 231 38 967 335 179 671 934 466 228 453 418 89 928 386 451 265 841 936 291 574 345 459 427 139 349 573 831 884 618 358 582 821 562 23 87 618 682 194 401 565 212 197 58 807 542 737 212 762 30 411 257 476 791 344 632 458 418 739 450 608 953 481 852 456 623 913 457 30 365 919 928 431 521 382 595 721 304 182 36 962 444 548 71 208 96 294 993 720 537 931 547 725 440 979 32 219 43 161 498 202 894 959 833 127 956 395 769 8 83 56 695 176 814 968 159 594 121 293 45 353 230 671 969 588 997 560 672 690 699 393 758 163 136 910 659 927 703 903 385 871 425 504 439 88 241 959 544 582 27 758 270 459 798 71 75 920 499 457 21 59 350 562 390 74 648 162 421 84 346 396 832 455 992 619 262 434 516 750 806 995 562 842 41 46 206 199 171 124 414 163 866 33 778 130 524 156 234 227 230 155 419 143 854 131 617 892 352 635 246 798 347 432 178 412 204 368 924 148 103 139 675 676 74 97 203 932 928 42 272 756 222 453 710 243 509 386 973 811 727 17 100 784 78 734 241 732 666 220 469 642 678 479 547 893 525 971 620 751 999 228 441 517 457 640 857 125 953 838 11 218 801 983 471 643 145 517 23 494 725 526 988 960 274 317 898 207 202 257 450 653 280 465 106 459 617 554 524 163 926 342 543 889 66 324 665 950 866 854 824 831 305 977 885 350 148 925 767 618 369 51 191 535 149 849 46 215 855 32 364 181 479 446 774 504 173 697 841 68 256 497 368 253 238 948 427 80 560 531 991 744 576 388 949 381 311 34 250 540 876 689 216 741 30 795 577 499 97 577 551 431 266 77 945 798 813 473 274 146 395 954 538 883 89 335 113 961 734 259 807 94 304 419 819 427 383 263 532 274 658 350 883 51 555 900 121 338 122 256 141 643 88 426 706 837 764 475 963 158 623 957 338 521 13 386 635 439 25 346 546 838 24 898 691 386 160 317 696 130 644 539 655 781 143 626 997 146 549 58 397 782 23 375 348 527 203 761 743 896 0 853 18 696 61 156 32 976 632 841 376 730 130 407 256 776 516 37 440 928 468 67 92 139 870 690 651 738 959 38 986 751 692 979 936 205 374 678 191 488 223 134 800 294 369 173 599 431 704 129 657 720 239 520 522 614 317 138 386 322 491 576 376 560 496 525 268 249 325 477 97 484 374 397 638 658 510 415 180 701 414 667 829 513 13 375 819 438 529 242 81 307 685 191 953 751 294 667 731 946 726 688 190 928 48 802 449 370 551 834 112 993 386 697 832 431 373 704 231 955 348 682 826 779 133 596 382 356 988 922 105 889 858 150 267 13 395 621 439 573 132 240 846 273 382 514 824 911 65 242 463 331 363 4 742 714 690 452 126 329
216 476
128 119
365 293
100 525
11 449
556 88
605 875
198 441
225 661
174 921
800 701
740 997
739 572
2 7
149 44
238 732
144 674
314 58
380 59
750 795
726 881
339 133
364 512
911 220
615 617
584 403
217 866
598 631
295 803
474 787
920 888
373 610
239 355
825 11
128 961
136 317
663 187
429 113
621 216
307 729
813 380
229 765
382 682
476 291
66 76
856 499
602 626
359 579
782 163
402 756
749 922
52 702
411 5
741 716
451 528
48 953
447 787
634 647
950 176
479 249
559 558
636 818
990 529
973 405
185 178
981 563
908 763
10 361
777 853
789 941
595 924
954 710
655 637
437 35
735 707
487 757
318 443
244 292
958 50
311 985
941 944
28 691
808 548
775 8
769 80
135 867
967 235
990 63
360 506
736 641
541 842
8 408
215 819
446 330
964 828
511 731
571 821
988 662
41 139
399 770
490 281
287 581
391 82
758 367
644 586
523 873
179 913
500 982
603 183
351 357
543 194
825 570
813 173
919 250
371 468
910 470
876 397
199 398
718 465
998 962
905 794
934 551
991 634
665 317
142 538
969 611
499 535
798 747
263 565
678 331
872 247
706 719
9 268
402 160
724 156
521 386
658 69
306 974
45 448
141 928
170 537
148 866
705 162
362 115
211 432
842 451
220 410
713 313
623 416
857 100
702 66
804 884
5 618
932 592
671 338
228 234
876 999
149 590
609 165
138 103
786 840
70 16
165 360
71 314
158 179
596 279
311 40
461 578
56 589
791 106
660 6
389 813
519 388
630 230
469 436
305 574
342 747
930 546
642 47
440 952
609 654
974 753
720 296
248 278
496 722
963 448
421 3
878 669
619 122
608 202
972 467
385 480
839 938
943 197
1 125
24 137
193 547
809 922
439 449
879 889
150 764
639 899
10 392
920 98
541 358
395 552
352 754
862 835
374 411
681 394
790 185
831 463
812 744
393 264
538 771
300 650
577 335
557 696
34 441
299 245
143 556
463 343
332 794
151 473
347 271
259 390
129 431
223 84
908 319
412 30
428 891
966 366
521 83
947 233
481 297
457 711
283 348
856 734
171 123
638 58
811 802
460 179
556 116
496 98
456 956
94 530
328 124
724 873
226 300
664 318
927 239
803 771
182 775
950 366
38 636
57 114
705 339
369 238
32 420
55 266
352 38
533 111
172 614
725 637
244 365
789 6
809 502
629 940
43 917
413 648
376 603
85 306
134 591
426 927
404 304
799 151
724 433
372 991
325 929
859 962
968 403
273 567
126 723
454 712
171 169
728 172
616 94
923 334
332 429
39 869
290 481
730 248
522 544
201 993
666 274
873 779
539 258
648 685
874 604
769 297
153 544
959 753
780 494
393 127
501 646
707 731
320 957
340 485
697 823
916 698
651 113
612 367
638 844
465 946
719 792
726 79
444 671
989 503
232 87
320 32
810 513
39 280
685 119
289 368
189 368
628 67
576 561
351 540
186 772
130 606
55 817
865 414
386 954
911 801
487 903
157 234
136 177
953 296
752 267
548 383
698 233
60 191
107 252
700 564
524 979
440 902
333 424
814 371
749 486
643 919
94 1
488 670
450 596
257 47
827 436
291 600
14 356
846 489
42 767
284 145
108 427
27 96
732 183
68 181
708 909
404 490
987 776
266 945
429 106
776 279
982 268
883 48
890 63
785 792
492 777
877 947
733 184
644 330
326 949
424 494
594 829
880 381
270 872
509 236
78 753
384 347
918 7
624 287
306 820
540 146
925 289
692 30
227 975
478 851
525 375
242 353
420 431
484 376
975 59
161 854
419 742
323 620
178 111
608 527
120 677
854 267
319 534
446 483
655 285
195 645
999 838
198 349
37 14
679 891
353 805
254 745
33 700
755 70
836 105
843 917
580 598
662 706
939 622
31 350
209 740
256 791
455 253
522 727
155 299
62 254
619 653
688 390
694 146
960 23
554 810
897 659
428 357
406 821
418 649
61 543
717 921
74 424
369 345
534 4
334 130
282 893
42 378
101 13
265 17
695 704
73 667
976 948
475 931
507 957
916 766
757 690
335 858
582 852
574 793
316 156
309 597
929 955
694 447
830 946
321 219
918 315
229 624
635 181
196 773
566 253
91 95
887 759
135 697
910 591
439 310
784 115
152 884
816 221
316 687
498 108
674 117
355 535
782 131
69 337
632 597
748 473
144 628
148 37
833 963
99 190
1000 841
864 166
363 948
959 713
386 607
381 673
818 153
29 328
79 90
53 60
329 3
190 105
795 415
261 298
246 733
99 846
127 4
118 546
904 996
187 466
275 299
22 68
86 832
952 168
396 978
561 41
684 712
781 765
918 24
508 422
754 302
831 378
237 807
395 209
966 123
83 716
50 945
645 333
139 874
200 510
674 273
861 242
899 112
159 3
400 691
205 75
819 417
973 699
415 272
107 69
627 379
796 49
857 322
464 73
562 160
677 696
17 904
575 890
853 491
704 851
329 618
27 277
375 200
566 958
514 121
983 16
184 665
401 407
514 533
135 477
531 936
537 837
142 921
714 994
994 12
430 895
482 65
493 612
578 102
35 278
519 601
670 621
257 826
25 46
49 34
150 527
542 714
536 425
824 949
778 176
749 558
827 212
645 549
51 241
173 88
779 46
684 104
571 681
759 541
362 341
213 25
787 462
738 689
550 796
483 151
56 495
993 461
802 202
236 526
52 797
515 815
814 940
77 399
816 326
832 579
495 647
935 80
666 560
823 879
570 302
942 457
889 434
550 93
129 40
580 581
605 508
546 471
212 409
131 933
730 26
970 73
622 817
739 847
90 557
243 443
631 509
188 454
354 915
768 862
905 877
434 553
51 867
505 72
54 783
679 467
668 13
458 630
737 517
686 786
572 180
678 97
408 928
249 154
937 323
909 255
599 298
516 470
288 970
971 182
942 114
721 997
737 643
199 84
351 294
324 170
573 485
21 532
784 110
270 949
346 456
695 610
687 455
880 284
464 259
886 602
584 120
324 709
577 245
583 130
504 243
800 275
969 549
633 812
531 746
186 559
735 569
65 192
437 222
393 104
888 301
896 312
36 330
568 391
18 148
479 870
140 944
933 382
863 961
744 12
1000 692
780 586
845 882
271 406
71 743
419 309
898 855
977 635
425 398
109 62
900 655
348 871
102 650
758 764
703 986
430 61
520 232
984 563
551 445
381 518
469 163
661 593
374 985
567 194
611 676
992 453
935 269
240 395
646 849
260 926
21 550
231 594
881 806
413 623
860 240
292 473
27 81
805 760
528 893
401 191
19 718
986 484
690 529
86 590
773 276
377 492
843 432
394 189
774 203
282 412
491 822
405 112
808 133
205 987
901 721
679 790
269 971
20 344
606 951
859 219
241 968
979 861
421 493
158 468
370 782
345 849
925 539
435 909
72 399
48 847
931 752
225 663
498 798
325 87
807 203
75 503
772 122
124 168
210 601
616 545
286 703
907 163
801 442
262 812
258 820
547 640
15 659
459 688
609 657
595 734
762 297
480 28
223 331
327 589
257 261
321 921
995 984
676 793
693 723
208 224
844 125
835 761
760 868
981 831
97 840
906 751
616 980
400 565
505 472
340 878
593 642
626 96
868 675
811 995
682 625
627 293
67 869
303 232
180 387
728 943
310 625
680 898
870 502
77 188
103 144
783 680
112 672
623 675
833 147
716 218
252 497
894 493
903 414
980 711
132 699
720 588
397 710
285 478
20 639
417 214
923 746
669 755
656 599
134 897
600 715
15 520
224 359
29 637
564 409
640 939
613 154
346 33
653 896
260 31
177 532
600 852
452 614
274 516
701 693
438 506
965 582
2 350
308 147
89 893
513 632
127 555
501 358
524 435
392 426
427 901
23 797
617 482
489 738
960 882
652 742
668 932
683 560
753 850
848 265
251 497
64 767
354 976
327 573
885 914
210 43
92 192
992 442
865 167
583 140
116 95
497 930
996 551
919 613
64 423
211 308
53 255
167 109
307 860
160 554
410 654
214 781
57 458
977 569
268 568
727 341
838 587
510 829
773 709
773 841
863 221
215 719
912 418
629 761
197 751
656 161
231 204
438 423
517 507
834 472
213 806
286 132
450 983
689 301
595 967
396 888
542 610
875 763
803 585
926 322
462 504
305 756
830 313
956 998
649 988
162 226
175 793
348 230
141 914
356 592
358 206
750 157
126 836
208 766
445 336
387 936
906 453
743 247
845 388
281 475
145 288
207 674
460 363
497 364
604 546
237 664
290 91
741 768
660 488
203 864
828 526
344 19
576 101
871 228
915 965
588 511
164 102
227 401
383 834
937 902
788 379
722 896
342 430
137 201
277 839
110 222
686 788
683 615
912 938
459 217
452 822
575 515
444 337
235 166
193 536
82 304
169 736
336 815
837 778
295 204
272 587
422 964
855 372
641 256
729 192
246 377
553 45
886 500
989 338
652 121
466 804
745 385
858 44
349 26
892 977
263 955
262 152
22 680
620 76
885 384
10 280
