2325354303272
2915258119579
844559662605
3737101951404
1828020939683
1758901494602
3017966326832
4479366489098
1416305271966
2108782221784
1069889816700
2171167346828
2316498519663
3684348977842
4027262411672
3595190443124
4138336000970
1347323994834
1304599596112
1505350326721
2446691992858
2462245520523
4944313718515
2035704592658
161274628730
3199446033002
4328769007552
552984260324
4841292941240
2165705870501
4366543545451
2267469142646
1912417152004
3781335184606
3017119378650
740160994190
2567108779295
4469098179412
4565771386702
4921958483121
2613407491171
695424580152
1676152386888
3648164639613
919453374837
3580828626804
2644219619103
2046935646727
4321552823690
4865161074622
600640686478
4900690711524
727043036000
83448450602
3173597528132
4706783627825
1323210645307
2497531629057
2978104767391
4102655765114
4969945057266
1394284223383
26901557926
4477877570317
4536104013672
3803177133589
3351789107088
2943012538932
2901033337387
4885906714298
4005767985405
2164921628681
4000966995560
3860427898568
0
3586584837486
4536430607163
496132292541
2021972447870
4332058545621
1992615145144
4333281940611
1296853236153
1074857276475
1869065680262
2285814336768
3169163516011
3345846164483
3777530388566
3626849283992
1472887429952
4296685070359
1151813524508
2120840017150
954163428771
2212047637946
69043725711
2859492898167
1334758078663
1290147769267
2114104277165
490577766570
2762572679997
1632093550019
4738174903384
4189817718189
2565576994044
650012300445
3769259395207
814293471940
3703457732792
807440768512
3267590188290
290514602959
3058362977232
4181908585158
4290952957476
837753725946
3513541859769
261247996444
167607465205
4964440743869
1612129351013
3812809308476
4679713075572
1200059641775
942931749852
4316461769665
3946688051253
3716221351146
1115201206306
4301852814807
2515578342950
4171086191480
4914350575100
4707632298592
1768689881253
794628352812
575558627750
455648005732
4120368482693
1974256709718
68570729285
4421011361199
4835090262355
1575190367115
1382531015058
4326962941178
4906156203976
3655588312779
2396396662274
4728176252162
1695850851784
420563259324
3863463377493
2270970301888
1225369099899
4439546678250
3084402207295
4351077003569
1995332625323
1421464986068
573625493149
4006664808397
4842045676051
1347766563106
3128785384602
1463032070474
1185855511164
4400827539415
101151737254
1594509149596
1734697493731
751895182588
1943915418516
3016719199590
2944551820400
1908778161593
3460947905737
3924114300103
1198665861995
3281802417385
3364765361170
4075039518396
4565732248858
4080826867231
3932458338807
4247125344828
2541644393258
540919816473
4937677458734
3138235491993
158528608788
655891138063
2355469980016
286287968846
2325987565343
3080723321402
3337803251154
1774128477676
3102715767906
4477835982690
804927558623
3724514745776
3282695378358
1181564862675
2561894075620
4573460224120
2373073682469
3730357301589
3975148418618
1804311921097
59604761294
2381389035451
1266977970613
1613444324798
4773880212941
4408301619103
4822816825239
2170142651143
1517421454868
2973923381917
1940133195983
3268984641880
490690222031
2620140909335
1115299324475
602213139128
2736653777864
4842449101546
4392617380656
4290814750629
927788329559
1517003638177
2161981873108
2417067269690
3380729149824
809056186752
3767146563632
4599415109651
3125385898277
357380804225
770225653044
2005383772363
1294047203263
3788487983162
652425584644
3555703549506
3001291862789
3035829100291
1079883844875
3789797416878
3725046709225
2030973576900
4695491921967
701067438122
2882712837390
1000591461380
1768880745494
1950122441785
1675195688691
168938357813
4814654509106
3649297288040
221991946719
447382409247
2174729533345
1883206177188
2528714771562
161841983601
2645342787844
4374303959252
4427947795471
1835198127159
92243307074
3028035891494
4426965317818
1679144875257
4542283291523
110305030517
4141467087621
3163455443522
4105562903369
1064777924293
3650002981225
2121318432412
4253270581425
1134666203431
2965061396299
4922992044277
1655205129341
3086313616334
3360845328052
3693839967910
149363886506
1278881298694
1045201575426
3382860390690
3578361939208
3012116389808
1933937537023
1290763964163
1258345286326
2069267884238
1655362160986
221170717568
2115056786899
2905782719575
1280499415123
2870672559200
3431042932178
606058142500
3335533274137
384456779979
2460327362225
3045511069716
2753488552956
328745638204
2306396628558
3685404742768
4855403878468
2566338901440
2027806639501
1523803416130
1373371914448
899167831484
1823395181646
1811817013955
3233876812785
2676138380304
4621287195830
4662328530104
4143355198455
3064414084586
3793325464089
1034297668222
2669025099187
1982568127979
470617051296
1473579739329
3312896160162
3800603171797
3721862755027
2998838203455
668260692197
720331050130
1259637111886
4863519484976
183138294474
878166984150
813622785823
1996481428501
2601994583651
1001934288261
1969318693822
1927779684787
3582213663058
1193810498144
3816299872010
426056005089
3803926239967
3860925135803
2026500088935
4519585301969
2375371900009
3163508249006
904244906115
1107421345497
2141002886458
1454833020288
2563868277045
3772501319557
2566591799313
1756483453509
3942761163020
3899393706219
2432828283573
1443331875698
2546140788599
1189991446887
3947062269933
3480786471728
1187108779768
3763553880323
4347962272670
2379874807384
613914196287
2003815041687
4288593273535
4254753901928
852166190750
4007525942528
2899627852538
418883036704
2120693326258
2753513331698
779584413320
2380376833661
2656915176374
3614551684421
1185343427435
4555227733255
2573933153993
2327818680872
2664958257201
1712569396799
2475368716335
3456905388887
1298628590998
3583423180231
3482007445226
4095151974611
1992281896163
2287854933453
2489461974741
106921717320
4823301996991
2894407340273
289035474296
3983092255848
720184908843
3800286336049
1121210348406
655437315667
2767809452177
4804293101196
1941224871619
4442856732179
3715852978733
4638046708648
2104179833797
3324327113236
3996858619179
3313748340809
3484436867919
4029233344570
1115224767661
1408186674452
4398597754817
1349241788800
1979772695892
803173558560
2016506521506
2554623938598
3287977393469
1560659695077
4236408011519
1694262152321
846843865996
1794392065882
4198588007139
1984347242698
661468249580
2860920097227
2316728236324
3790574492912
1822060578385
1483399047307
738858946078
4838652816200
2911282407314
1994710821911
2445790254770
3802523888307
387092580098
2724862472389
661442875352
2185715280417
496972073812
4377298783608
4188832896981
3405222954882
1735001377773
2433139529578
2270987763199
3893497017984
2703860736792
2549509215207
3310919334794
4149904983070
2703118615057
3128929405083
2590903121981
741417479489
4845937966251
4811210007256
3233120927363
273591787994
2256702602417
2593791055484
3760629107805
2547898435003
1941784362377
769864613705
409241291962
1746423539622
1412553240186
4645889501099
4683775208209
4684814241312
585656294790
4364411965696
2698429890380
4584937507942
1810758297644
4462711003855
2839807553099
827308009078
1142238627391
1829404176612
132829157728
275484603575
859474973146
4131603082580
2156910369208
3190021132779
869184759380
1137535459272
1555471668824
1734014915522
3182714863387
2041620654181
8276320190
1138679688374
4738865050850
11835067586
249005077122
1350807432190
99368777212
2470710885783
3097194197278
2337065738404
3989065800390
2402534359285
183064695394
1303871226097
836816874366
3371316799848
2535687303619
1478103875196
3039374464759
1159355895726
2017114557354
1002972158431
1818673711189
3764214698895
2109737007727
4744317597711
4192241463724
2615383315243
3223405748010
3771909178378
2959921951852
1336474293988
1457633763619
2151287024430
3350124549719
1876926503498
4345475365875
1732138198818
3750794784340
620295728884
1902800937981
2871556781384
3547737730748
4776444777229
3125481262328
1609205228577
1365000678812
1464397582403
1384669026056
2364455284630
912692071879
2738901226645
2371145402734
1349883118950
1917236460180
1126011089576
3073868518442
1535612530669
543783367749
117511283849
3166861492751
1770238111036
3106446621158
3683992254883
3101861055001
2989514455843
2588045591840
4113162949592
446539944153
3176454196167
4455675246876
1627395753490
463024340554
4111740973549
2679617435172
2680704063944
385966394034
3537758189668
61250509470
2088292369639
644557529419
3327081192745
532414755561
2558721703959
3517974848591
1544223582419
3909399385114
3783950304134
2666045125617
472033329068
4160306575538
4456195895287
1327693809620
1532864908212
73694759120
2591881250348
3019076911393
4281545607739
136953697310
4857773911113
2391382155205
3810414497894
692539517443
754603446101
4773131125573
2880491892925
714249702068
1209450785951
3055647029166
360143364273
82980160354
2708862576
766397859964
3339994048963
379747555056
1193180019200
4034011626435
44419947493
726797095421
488886553986
4497542049603
4609937546283
4005512612684
2259398427329
2630661010382
464398082988
2356642133992
1899910398461
1038460042067
142254984582
3465535489634
4658113067526
2255365435271
2563327519122
3429114582134
132567685131
3491460554173
4294974234520
3932099722670
2476285579844
172311144204
3506310857245
2911909313767
3839650322858
1849937732270
4596463442508
2527836234872
4646990475465
1048915201790
2801416273704
1222306797261
154878659091
622008911880
66195782335
4385155905626
3061717501232
4834216472448
2564277395546
3505267911376
1075571182531
3283123092141
4450668965573
4725107732926
3314811084790
3786976190547
1818271383984
4083244663989
2196460324520
3818001429273
1266620704491
3383098559812
3340225511798
326083322482
1853207043362
1937226549199
2399979970738
4331172787269
2320420421252
4296225811366
2007540509384
4137618642473
3974196357903
3287530458333
328420915324
1982721692882
4480297311310
3259022191118
1806791195955
2967548493707
1448384804430
2604967191865
1165375160995
954188826047
4042965787303
4540901761329
80217319624
1306007839770
2137876286908
2407409064059
3165847268972
3387581298583
2924680928531
3116243799354
4677751132428
1164142371063
4661724543315
292525188204
4629607135285
209657645348
985358023863
4665080978530
792887060591
2860031691
3418921011678
737526771116
2652372096802
4162519955377
4338586244002
3978262981797
4200905428155
2712678864184
2417492417517
1380339601013
178076645145
865082806053
4588209276961
2776453385768
3189310112083
4069490773029
2713048051213
3686038273984
133369065153
3980537447809
2830427072296
2738511810367
2419657093286
3781110657661
1954361052497
1671292152030
2696078639093
1688039037227
4319310431792
1918179416230
621962758034
2911327408603
332756721925
2498112153727
3923306347862
863418191493
3362840304204
1298784132028
3890288740994
4793316224810
2447535094633
208723981686
3609291955709
1261743133126
3192606112138
4796789438459
2988769391044
843887047951
4748082175766
4553977189400
2722511716781
4695297246514
3070760139560
3728651306288
2926779275391
2387685225607
4285125932125
3211450265690
3414710789400
4328854332536
2736320125529
3326712759538
4135454324593
1367568860038
449301148941
2164974335992
2479060872075
2175434934445
2884578769254
4204887166062
492901474507
529660600631
1997987528553
2009286663806
139268498133
3963259587566
3210856299916
2528052799543
2230378365445
3742398259864
1364806694143
3746484759376
4673026091857
1997084107115
1343886001712
1503371220069
38499642635
4441581769154
2775824460031
3370138677747
4256468773923
3568521371649
3866570465573
1435876308324
3325530433923
2522058735981
4610957759388
1485873655642
2404978868181
758944879474
2074410056708
2759519679556
47061443059
286150907954
3597768528541
2343238957478
871830341719
65716535848
868091187846
151854139528
3078329464394
2306764202264
3176648228417
2634551002729
1991055843664
2278341124195
550806284740
903934155156
1234104958813
3523829967572
2796065531957
938619080118
1318710182777
4803819617576
4335975033373
911762623872
1888345350
1422705079575
480136162488
1484002694345
3313125592008
1707896755591
3154765899159
4683975064448
4689053600530
3205841929484
2215995296520
3922806016438
4673023510564
1853068639723
2396914971221
3644022841208
2144287926040
121578829763
3784082538846
1813868124767
1954122168730
1188507716964
4281087723205
1883690708630
977186992312
3543097726010
1091167322274
873111711782
1954578107503
2937665137366
748083033162
1224705640338
3268741662848
566715636742
2162470201898
1666443701438
4140691262853
3566007088455
2795255966804
2142970390161
956649874374
3960149869558
382100955491
4117464156790
4274447970688
2961436910498
3304081717913
2120763918473
1367088205952
3153756798052
959333077935
2098834949510
2892899956768
709496556962
3499171531916
3112046501534
1510441823348
1249059451776
2662756054054
821431671296
1641275342478
1562593542609
17631082668
2027554469563
2680819256495
667461903019
4244609560438
4652749911029
546048205274
2198675085595
3992269922882
4673051711407
4146325803675
1151277276828
3287007564269
2907172580886
750846603682
2773323677305
1109532768149
3666901552684
4449619143915
2759602749319
4216157303346
2440859981284
1316737290941
1483284051944
3922292215576
3127746199068
4302780977956
4394150141711
31622080701
436753516006
2343354428430
558641547221
3326745148530
4326304756127
4472719950631
3781353219132
4210933676653
2873670629096
3676252750012
2627482356819
3530762591116
4019085526012
2255997998800
3834347795626
3153748584384
1015898913458
1052898415227
3813469237000
1990720670270
3543115101523
1225363624746
2053343058244
2397338872420
1895995537631
1266859177493
36375660211
571988159627
4741014167603
3069820148472
2561805672719
3923184728618
819154603124
3453264570897
2422093846426
1583668812382
2347425595157
2464624107447
1896683225798
3170889513314
2373281205503
2384338148402
927365339711
4474395809447
2947690421849
3673311987405
2375161585734
2715150288583
1667658015346
997126699627
2537942478204
1616035049337
357520144440
2446036901071
4162864059990
1552250724826
3183965401879
4624577141403
3101853435664
3096162872207
2895218509329
718410820183
1500448626425
2915333539875
371947268372
3407650888250
1648920544437
2696430877656
4003025478283
1121059362251
2633038482396
1075275717330
998902536539
26905939
2680751834043
2015467883935
2865298642152
2826492251246
3567315004938
350627202361
4294425859485
365038434253
150250286226
532792533779
3086475366378
2354308613912
2203672058520
918851056266
3644561347614
3050767026934
1635218765186
4454257464735
4667991013311
1405386036549
833973815240
3016204699089
792922660383
2674108341582
3711164462644
4496383053386
1889496751520
768601061847
3645605123062
3177226176015
4450057579218
1894050683282
3194796904105
1741133707159
3406629900390
1599376656885
501180468813
3696135379986
1078440218415
2869345404754
2108269656839
1849309358217
816284234914
1187386119939
4525233071597
2361336235375
4692292645994
3467802190747
46429069370
2527147130822
1515997232219
648930482242
1095491145094
2788899349568
2065787250410
3512897330077
4491412987739
2568410466486
4127259056314
2814412651768
3340498771251
499461900661
2019011531074
1932735579424
1912207110358
1480759003222
346566571371
3183333220385
4632141122950
1035568521819
4598212137044
2880078766666
2837669624837
3719415515326
2137570269583
222523905889
2624743822332
1938665353098
2452860298182
2202805619206
2663543676538
3014276284834
2678666559846
330796652843
4020409736051
3470684210559
149798375007
3720150101159
4106365866420
3375756369838
2722767764231
25542201493
4113961416396
397710312482
866891414575
1358399343522
3634208647877
148212533702
1157428921670
659325024800
2691550510076
596243661370
4169596429631
2583010713345
2474797741687
294110676881
1157061009688
473123867765
2899405478747
3519692198532
3016877692974
2140558407897
1142851286798
3803494350357
2210793504099
1374218035091
2098052781580
749455789067
1122012777773
2457960046256
1704232285839
4642427012412
4584600269049
2580580686669
963875746379
3070210267313
2610779830615
972368561478
566714968194
3691376677512
654337019364
1538573918228
864893348847
2134931105685
1895536887253
1014035900583
1867960649295
2209302480014
1210881596379
3321272767923
56696185106
354138447441
1537852442608
484229860139
1791445040837
844482168900
4490929945320
3760206914095
3252449122337
945080664461
3638300999349
2713191530913
2996076636993
4410695416245
2364170723956
2079656098505
3641047586840
1091339987975
1736524064521
759643810993
4436237085429
251632742408
2659488034306
3972554729613
810684081790
1514617961423
2066736160045
4187408282915
4506080666368
2390372816312
3675477584263
4024205195717
10057701959
3938572683549
1656358745235
2240255408555
2204980067108
4260660557531
990629184462
1739624593062
1220042395288
3671361519295
4665296753633
3139014066562
4264843994644
3172368335654
3960903586024
3323102622316
2883029523965
1000945809774
3462247714141
981030740819
4193732961058
4506755032079
2617080190434
2127798668638
1304869893920
1362534988391
685715064115
3232502378628
977900990652
1493000090268
4056014667827
1850841435921
1641966802609
4726373328235
1251902587962
1992655511525
2793507625627
3232332018846
3573810151975
1947648086579
910734364116
4153472340444
77151453613
850514556456
292107379910
2712444760918
363763917683
1673981999680
86484382362
4654874564890
2768339612130
3427244477182
694593981403
3396127484174
2312712985648
28027536157
835435153690
4595275279319
209905097325
4606873326329
1802616494113
1283982924022
1468281203451
2270184718114
3351968816087
2972889920508
3165015559927
2841226995040
407874545559
4502572519103
1646940750656
4212218431770
3778935961200
3173104082392
602217958043
604992848231
659422119266
215412531384
1315917321008
3869363847345
192396961454
897860085768
570888809716
1437279774951
1626483039353
1481113255862
1375591481458
2469416782345
1763485211992
3022196837006
3433012165599
3938885193296
1595227107802
1801812990946
3113954443583
695297067891
3734845346341
2755046967638
743340206336
3630690991633
154995754133
2659939318495
23542500413
2052199509529
1162109837615
947785855418
2143690951923
158076078719
2572208035781
3962871240138
34004158080
4506398022420
1922137628760
613218500087
604945678950
2534762981519
3527797648073
4211612493575
3177022892989
1151585738208
2315047963194
2134275758945
48191042336
1816193328335
2798837144565
2126372311834
3391816457162
475822123686
1772904492951
2892676381341
4535289395704
1467326768775
918021814546
3557092482741
2757992795055
2406363643857
3448928534522
1469434242241
2723941579625
329452400409
30609944842
4541142548340
3249255438474
2253565707624
445978324810
2567007249313
1533191488934
1743523923094
4323647805129
4295072426968
1648058495506
3485012102999
1975848941978
4152127143902
612782710861
56108164742
2894810500964
2377486815861
3659608173492
1256968988154
978262050389
3261994610839
447575729127
3291400151314
492801761090
3270416951774
1486783227774
3326295552753
3019120574670
2333215461752
1083299383462
3643173268013
4159596787461
227609196915
3106874208350
596407209506
1921049872901
3682041280828
855233020830
1295907921954
2440849582818
1718573377560
1166726435801
3777295935471
4161160290600
293177456668
4127260112680
2647868539884
1771390222359
2367120592987
3790070849098
911071593644
4315226644949
1741891612231
3868254336175
680221811704
2878299883845
4306856416925
993484029777
756383439464
1227288118274
4303236734761
2698637515597
1676365929580
3103138822777
1224967189788
2965530980911
2428249903147
3161381603664
2486567407048
2734898559926
2997029401646
3277336806932
4036498352425
1765774598225
3427142821959
3676414060396
3884055849963
4609967510448
1756294235542
2897045761917
4630379622391
3283026173175
1708666985521
90391627747
2021153149414
2520189359122
2948749103770
2738547630268
3948158148615
4176373821306
3352833558455
2948604203076
3670328887331
832791571505
4665587642608
1757448518128
840282825071
3094886772357
1461041513357
3513427440374
1074763057317
3547320788254
1803852377778
1648442174577
690588834804
331079912806
3601440663319
1312945888965
2810975641648
769837291535
815452561490
3308099730394
1350232889528
946619548849
4282859463186
3779263642900
1193917737768
2921053923666
1281687017908
1158424067529
3301671059555
1639232034408
4399125789621
3245688828868
3934682176920
1822115352103
3867177476424
199619855747
3132180896379
3340475485590
563175928867
3688999693698
2713635838792
1549562091734
1522430582405
488126902276
3519080570876
4251499001070
1807795310256
2679250811628
4310133317028
442694010259
4074340119469
1279721309617
2418036588939
762554109135
4463299053691
1273394337610
265366688035
670560808581
2573565156674
4390506476614
3508281780757
4415465269937
1894977272817
2827538826449
21449898968
239467669283
836233546920
24331688590
2494527551029
3819732841029
932988575098
4130539168457
4531570343972
3364008275623
39944470200
145055693584
1664939139390
2959989328120
811853211166
2917968124930
754911400619
838754918846
435335603825
563675411914
2126507932064
3124885251681
1487624231902
1760313897052
2764346916805
271105448240
3106737702471
1993313703097
2285612894277
2316619353212
2427383595060
1274184489824
832746829926
1406262491683
3545647867004
2170941555761
3297508576168
3029133796154
2905661477038
3638180590278
3051357110557
694614590594
2137666474889
2345712470198
2191529056958
2523248087362
4034004093928
3352265515036
327128111400
3134088392068
1927629562382
54268904929
2831276596173
1548428171344
1106524799820
3308790107507
1163248128171
552926231622
979000893968
750817912578
949876847689
2788892418425
2520390045396
737564938469
154615968964
2880370886338
3759672531037
2202873615900
2529319487578
3335015177183
1168360813183
3872434539884
3894759651703
3872148611019
2833831818898
2622303591999
4251264823618
160398989170
1872160836283
4595151081186
1981109539688
2677045861831
1156161788905
528431027955
1982301715924
89480709010
358485984405
2022252077789
4150542099290
4552409526114
1975439413629
4637256137616
1529477944495
3565073029206
1287435401598
4567876892995
4362706437818
1136970605075
1494239306967
2434941471093
3224718416765
510189717737
2673608735570
3482771552949
1315016668277
3302593834788
2469379270911
4451939015142
4372659246908
2076578319121
2173949836588
4097681427915
3934383799698
1941831272333
3750318247112
2938218987618
316227440203
2434623061109
2040639545066
1050364404326
1954430586198
2512138407521
1728871341323
2157157145141
1883475636382
3876842460343
2611416012584
1774647575336
3490349332665
2507148166948
4040571310484
2234274179928
3084259926944
693477880692
2489760124231
1109396984433
1607493924936
3228982328808
125348165126
2253324469267
4419895254514
3895287890190
1752768589625
4445152884041
2186728261850
1653141879371
300634606472
2386748229056
2449612761576
2262946591539
3929146560677
2305778249823
1359510675119
3912323976222
3157843613299
3518828214399
4290110401209
805374759837
3463688433320
1028620698193
2111980383453
3522808071585
2580017381823
2808084220621
3890879802258
4538921621002
2332022004395
2840351002101
896339500877
965350102753
1229024545566
2384802214706
4217684027232
1688329297031
4490434060040
4191753686869
1299378833481
2080701492673
4233221945079
3914696270664
1170436692853
983734622992
4296921655402
3641205384081
3688408376313
2849272649931
3846480152326
1756600589566
2349077503737
1604702719650
1557501879020
4007435704172
2906388175864
2833427055165
1264372738027
3963500486122
2552749630320
2118250277936
766721715323
3028847762959
2840078366542
1774428533786
3128441140258
34163976430
2703165158421
1560240670854
3030098477420
626845583841
1203863707819
3498341291474
253185543247
2507268121087
2920498468221
4077189567241
1811470828118
1763283372536
3291872802731
2524907819773
3514747395351
4377953816776
4229066551348
1229990856268
1139833151933
1283271123285
2235419375877
785661335994
3268746107524
3254376081574
1805130858701
52370236545
3678729163266
714821581478
2937029704470
96164122316
1749995627799
2392687803723
3307510826055
1860385073379
2756395237204
1812856426760
4509855677439
448509790544
2609096631316
3764796134065
2602554937309
942448034340
3918559586533
576675238344
2659672197035
4140737941075
2736593361791
732775716309
734181119648
150276181721
3141389621573
2583743489935
3621475053713
213876615420
1326843494484
3868673586427
1196687556632
1043962986931
1754159367146
3771108083201
2686512093177
4317785551455
3739423961825
3987788840280
1691150255123
2579084635210
3977165720131
4494817034788
2729325240815
732554972548
757969427168
2487904158792
728887368187
4428203801414
3361609053218
800822460665
347236969675
3356092399570
2860413449121
1523732364776
1794814856679
4416100305701
134494707949
1012748485552
3692804143627
3894579579234
1477913731243
1100273444103
2705135577205
885306891512
3602964218318
1041369910693
2502983690826
2884664830451
3061118909676
2510145002006
4323216857810
4100626060538
1891357102273
3546712944621
4074425578059
2189706564705
3660964673384
681065729617
1019443831878
1169546436449
1099156725587
1527928439927
3119910124475
3767764195087
2199378019993
3152472506075
3084655301650
4551514907388
3142486260981
3446471474404
2670406088031
3148060825273
684386715417
243869104868
3449216962886
2519253576708
221761101282
3168394666570
3007006591293
4470416201867
125667381975
3662871608803
733805319786
3837424972
4266708876730
457739105980
2842080414714
3406756574000
2420166226237
4179351313756
4348154598722
376617911441
3650177024992
1833187889171
3220360511839
2002014575800
4156537080029
1069465293532
3570771314605
3796834300655
2391901380508
2354504534657
3904703208656
2848455048708
965933795898
2269277627597
2978380886462
1558320634117
3206207451396
2902476711349
520500566307
2626785269478
4237488398058
763042666992
2568722314107
3476256310337
3658472573266
3571436129230
4184237648747
2295468191031
1152876938964
2156708068264
2414056723543
1973782770786
621083474574
2920586026072
259736150412
3249135201754
2290426548697
3702805718615
2824352164365
2312395328344
1219348594710
1977577737469
3089436769845
3490483069030
4466106467995
2903936910666
3355235146773
2523175172553
3852851666964
100549573533
3091550543285
1862068386292
867753760289
2969948708404
1456266761714
302834279110
861169730152
1109751512779
2574952935849
2449287823744
241958900976
3757345093275
4565322254536
2234853195284
614325493010
2095995449610
2143043730404
1058522490284
3413100827802
2800948079207
3188965309154
3184631550443
2823267995536
2027336383543
3356515846799
973047263544
3888946798193
2142486940418
2781750212933
3978404253878
916747004721
2116736509777
1853955966276
2112854837000
2111169918119
1769985818201
2729197288853
3528817400882
3682520716720
2232743378907
2049042289956
4240327580531
522805126432
2108060746128
4041951266063
689683248656
286382800801
4202263847547
2390675191281
2049347110449
4059377339547
1086209715786
624506967668
113476016363
149553201237
1357304145914
482507927530
3478150421004
1501349695072
3472202359863
2125031016890
1648889940544
1827601483829
1141130577379
4041271924038
2852486755375
2969362261101
1029822766692
1849513622
4221138041154
57174995700
3241198036932
1045086034935
3197578889934
1470572224329
3809765041120
1232137538798
1297948781111
3007457901243
2348776848959
1725878742002
4421035698726
2255915014861
293631873003
2586938382972
3585427262791
569808906939
1451555675232
3051735744371
1823654322650
2075322918674
1974785116685
2071646250264
1504745987256
4005411685779
476575091324
4543820156613
3732589940114
3356190451533
1426594653639
3433552387071
3853299672187
489838662899
2007590851569
3913167873476
455813722181
1881032149372
1078748428201
3111816754763
3071270594126
1665455248928
376364574105
3690626737876
95542670302
2130268201579
1832503441969
946918084401
3735467418894
790762729605
951638841288
1689205019053
3275110659428
1064994736978
2770356005718
919860096878
362107235438
4428566839670
4489467707274
2901304750941
2990706969760
1367537045753
2740118392157
4185676768627
1710133245343
3498483152563
1266621829844
3299037627496
3965734082199
2992459514720
603989917141
1803440409729
268686966014
1910486245067
2646494636426
1380879840234
2196763144411
2788731100583
3642912436046
501203455903
705554462526
771877789806
1155999187524
652308031477
3673814606304
1104330103631
2139367659830
3728292215166
2853569007772
4271068954008
2849144224224
3218603411394
2173049156966
3143739886927
1205577506487
864437628649
1459114422288
140943839954
3536202713627
3845150065136
3287385419629
4180087755642
3918593434240
2318345852223
3444014503510
40123118059
1348486773727
1129409182353
184359738764
1348284361623
1708219192340
1032322400143
2613268487668
4101307096295
2391395125930
3324331636729
2179120291105
4120298334941
3120836866340
2269152543653
1570767175950
320746853241
21491902245
2740295504309
4285167137750
4154255089664
3586714679366
4490107488337
568329059880
2925247549738
1137322718394
2584708624179
2513769402777
2483474852701
522751220122
2431527058057
2192976241505
467464895804
3510144233697
2313495105895
1177437290419
1225535950411
49696621464
3191293968444
1714349903297
4003176009016
444423814051
324774757391
1137993350597
1161127097709
21002470946
2271169312959
3593893186745
2825080319962
423055406958
532011864341
1542781449900
881856336048
494255828784
3421468162963
2323775249718
3823249129615
2020080993019
1590665686353
736169647289
3016441903956
1060124073359
3760523692345
2966804973889
2590090200211
512406523134
1191178838418
2730857284514
3204740799634
4194889027754
518046144521
1070436435224
2458458593396
4238417563104
3848542514447
3142952637628
485415372297
3295786688373
851448659582
369690116901
896564019564
2815873932924
2378725797454
1735966472935
3260222521739
2050155711224
3840082784069
4449395914443
2750655819238
1952304863503
2545660670667
3560878922958
1922608457596
1734982079370
2890910164154
335363789513
2949333808817
1217845342650
884302207964
3163820404555
3754729408683
617734361577
3170212604253
2116314706891
3784599100225
3342854621094
4253999317862
1024641699926
3159745566439
2988489818127
4288925925224
334218933063
1115132509180
2806387599997
4061922571553
1566034476498
4279803551231
141435913159
1252647265815
1864398986140
3565661361110
999375046242
1536705650604
1905504662441
3723459510118
1207666056257
892809281752
3624203316117
1497232935940
1450207718192
3600807773059
3823499832110
1953738260662
3179954760391
2524739771153
3913017297097
1644116209615
1928928739916
4036448397106
3725200326159
3213091402901
3582290587200
2512568410665
529117591780
3225076548305
1656037442471
4513700603803
536853741608
1680653737868
537798787631
3238209140342
3449858501299
604209756334
1318536114192
952930885093
4021537211938
2602916473855
530061869869
450926817503
1387699832669
1168314257864
1659927513295
1362580038863
3769804965787
3003287901800
3915566248843
1586802198920
3246416289319
2522581476608
2185727944467
3439999509263
990282937297
255692056294
212409402809
2166652932700
3921313055099
1588929216187
3141367542378
899458378336
1923534548842
3897794526651
2780669670062
2090176359310
1619083530095
1971666072998
1857458033860
1015580125542
1259325753386
1629848768653
2014005487328
2636289549873
1634743734197
514593208954
180750975897
1805019759970
3246779963241
2404632172228
3654792558643
4352655194196
3460011262282
154474360836
3928439253999
1612135657591
2152360276407
529242931974
1037349927337
3603299660800
336844029125
417876250131
3092791906446
1793191192799
3013254905180
3229280221146
3977581869740
1972057414605
661712098379
3484691532442
2046684461129
65114955914
4346534018185
1556669575497
1580209218477
2659762480077
1544422643202
1155445707015
4328023285123
1841062463724
91440124214
1572128639534
358713092238
1728407601346
2169647482600
2181033904488
4477286940678
3063028868256
2819286525295
3004618197815
2744115193539
4347667273435
3503809633018
2035196088175
3473809286142
1189944425852
1576053068191
1227657056036
1090881304273
269929886766
2427315268563
1218561437917
1913353017844
1228207627099
3684726850311
819037685374
2946032751623
2529797083890
3980583602384
3051275739456
2877326226498
1912163636506
2232524477925
59827289103
1312169442065
4260693632845
117533241592
2096307608673
1960337531495
1984609930886
2391710858244
428242856580
351166375650
4076423936577
38302315795
1308912740508
3792360683024
504099999409
4115597949701
352405232261
3476082445207
1031403113913
4165460047318
42734062066
3570666737244
761377136677
3355338100596
3159829444715
4171982757778
2593893490361
1340490209319
660604719497
3837093577296
1224055503704
2629925959953
2343070764013
1176965209993
2936306955735
1468414463020
2790556906034
2167313858265
898090105034
1143417194438
3860724743680
3528579366111
669371185030
2140068230462
3331647908488
3207516954944
931963081197
2661967347120
4180726707642
538003497146
1745449243598
4075590668812
3972606207232
1847657517670
2795752846930
3334770347604
3831574108843
2378188903768
355598990487
4068887693817
2580878167625
2942327635147
2021201193231
258633880101
1791797797738
1338547577485
3511467300998
3779206650240
1484921767169
687188677822
3353688732977
191411502704
3259068582392
1783157652803
487077099407
1002381512924
4017179964941
90835852881
2236345420732
1091756425616
646590245311
909101811448
4356033054235
950440212322
3277814035681
3169338023638
2137394144620
792972865968
1176897779217
3296559141531
2846527270374
1685555494755
887164322719
1433506439495
28168584660
361455792595
3418763417946
37962284514
1689842776407
2275188641192
2041309552947
769992879790
1693809642440
68229289161
1567783878672
4116514132530
4404559583977
923698221666
290155036598
1969720534429
2085927875569
2709011012237
736241105414
3361484901141
668069320424
1423854184079
2335879943223
2030711225393
2292754594120
2578817384874
2046803491082
4308688865976
1415772969622
2545060632126
4166929280561
4272060822246
352097506018
4409901782268
1175065807416
4270245438515
919235351961
709103869173
3350741966907
9546373873
2249040452427
91104338108
589865761410
2620963055841
2045698301301
4345553682421
1567942780474
1741628216229
4380844307636
3656290368408
4407750064901
765493107271
1140859349216
1879864940115
2127801474216
1938776055109
898503361408
3305311486463
48963073878
4378354881
3840502166224
2414489088312
3902070094118
3171124202629
1138572750621
271602069529
2270784379250
2574051120765
4387286901387
1543000352413
73495135279
927524557978
2530894718097
2539337946210
3580769708666
2126739985850
2442564314213
3257829072151
2096889746772
3604461591377
356173727364
61625531183
1725732475156
3955047982723
1840325965982
3436253141377
684045266896
2969930445985
890764128342
3776188595152
959425406211
76888882413
1005907887175
467791462702
1599214586249
202998719663
3173096817500
2326584951514
2533819572035
4071879166485
1229739814337
3321808554420
3980589240562
1864444077844
4326482200935
2216334654934
2829662705685
2194346661692
366297987798
605070250516
2157550653527
4046112388746
3343525066605
2811999499318
3383912960901
2119654321707
3028252013905
748132699934
3340971336495
3838718261288
2826185020534
1134725192638
2121086582155
960725504080
1241363135195
1554772822465
928939829133
4308158659034
848755353504
2271901524071
1698475251925
922444630382
4173945557371
1096424192099
1297593045474
1824107713183
3987493505340
1577616473743
803819599209
2447360387227
3002202285225
4230101376713
104458791545
3029035209728
3000717400098
795470966027
149817310463
2919028913114
2546170775857
1971416209880
1700028568224
656467189157
1359121412993
2084657625563
215640687581
321611280484
156352473319
3709458579332
2816062177006
424756966300
3782236083990
3188956534
2712162637549
2841549138567
3674270331722
418975260021
2895628983574
1236654186709
1724319082862
3872013874375
2448208989302
4256654866486
2747486237227
2084738430241
2150279343649
2673479761592
3600878858099
4287458782588
2420823802950
2688236144437
3113122926825
917993002643
2905355293842
1373189343693
1904975761295
1742331004619
3644634547090
3762641171082
3104663485238
2524911876035
3511035896488
160675276595
1023959070819
2252716170189
4399317592397
3404394930951
2984744503542
3272843630924
3705818227174
2338095210097
4079848776975
446417613766
911553992503
2228927920588
1440500066380
2815019344717
3862869006596
687236005219
4194020370560
2982853884243
2566684401427
2568384072704
3593421052994
3482601539537
4341663403270
3934474202951
2294246026259
2479700641082
1133476737961
3019048231121
1635336762137
2239684787739
728679330884
2998663678469
1081128317716
2981197058369
3882749656655
3790649529297
3231177787529
456759568666
776195443912
1324578449975
2037178898901
65015889930
3160482311372
2948225469034
2101514723738
761407359687
2349718664
1918203780769
302950033433
2948803716899
606687655226
2012505635330
3086347810771
2591922398392
514223050506
2221818769179
1220967317633
1111341836744
3203067504313
2979053203687
1188734795337
1365425771561
1990830355455
3145728579550
2946669089601
822684708183
3144155107586
762520179021
2128060238646
3754484893009
4047548418022
3820935469329
4011637436315
1884978781772
3279331053991
833486843129
4075232513573
2541442412901
1653828091842
1883379977618
3424981410146
3878021079256
3073395374250
2859098735541
3974974970794
968616698572
4321329385703
2538149876199
1713093267089
3349605103218
1469397449262
1004408291480
124410050685
564363432596
1337340005001
2601479253987
1134433802388
2814555326805
597990299767
2496525414968
4295884630458
529721296799
1330961382614
3338443149926
2080199720538
3960082285692
1568192808555
287419258452
4144400648541
33220396169
2249377269886
360218427913
3293337814841
1358826969163
4298388640834
469924863535
4078195001035
789983245015
1671325664128
1555246910086
924235096114
2194863500797
866623552277
3451730969732
806056985625
4012613444055
2897637554722
702172116930
942487067827
3218251248804
1959207941817
3981730584789
3684964980934
4152529134567
2943794444965
3958072216052
559926074222
2319916984864
1244468755438
1419385588149
844880851203
359894653192
2004770888978
3024840595730
1619854106888
3648697947944
3317196360061
1909699498704
92040532085
1108990812493
3530327147924
2920025832037
818162653723
1976716991615
2835204630328
3522617721001
2263877887035
2795478771698
684254273288
1720293500513
3092088987207
2764609250198
4017171482374
1848444646466
4069540684654
4049128121189
4128861334860
1661067928994
420776610499
658639040291
642213299610
3669448572113
3202504949622
985802833397
2974108206716
278221942813
4303933284916
2858428642290
292711349523
2584028004910
4025567475195
3018335035898
878975839793
2129953596263
4170526555339
1196475320320
2327290159496
427638078093
4238404881908
3403211785769
1150588588748
202240831345
1367485466631
955545449087
2480205555460
28593920240
4158928011633
1269902647143
4010859829228
134042640435
1866795325605
1823758186933
2659666856200
4301593300168
1754864825934
3330585972430
4010259858376
1989924276823
4030919806618
139617703588
3796497707949
935862360950
2909099829255
1515376581880
2460833561043
3063925280693
332909531163
816868948739
3931860567391
950174778960
3525873591751
3408129300257
664838803993
3368684192953
4259284288047
367943281524
1225937989547
1996289537771
3641839340852
2418281602258
3330157234148
2653759273783
263091385612
2399494928941
2696700071371
2524646843713
485208520260
837657965541
1198639393778
578926063204
1861906689468
3431165097214
1375788985818
203081498661
3507213642762
127457303287
1251095128762
1363783849070
1666397083963
3412105710906
1769035590662
3631562176572
1717844904576
1453145516058
1258165305010
721671162609
109253233549
1134739837725
3655005429147
3819464577611
2722009162481
1644377552032
1409850072534
3112561985503
3815400649596
963933807629
2425115834831
3823151283498
2177847912798
2058369510683
2572518284232
2258316139818
3343964713742
3988610638676
4031310407228
669656685429
521290237454
2323900296743
888333132232
947529601292
1755619794944
4052328575613
3548709600015
2928868344543
4178736265146
3280622851653
4187596983852
1347552358328
2192285133004
3641320719658
330371392613
2715110981380
3394956992037
697043976805
1844737625964
1364150932216
2390011930633
3403545112980
1365218727813
3863615480545
2415074249961
2431024842502
3721150949643
2699960377008
416717641043
3250558991868
4125940852908
3489452881991
1507842397087
2011426992848
2658613481099
3853302302501
1589026373093
1613542721698
2722684599456
420653318726
1813234132963
783551012876
931748693872
1421829260636
1981273343183
1056130240949
1298685040453
3430009691675
1539161425168
1810807211945
557824632969
3521021946858
979624919384
2844207646481
3327542227246
1203429566482
295843179283
3997845120134
1603712735648
527959853020
841061151947
2098132543913
4644798392
1067705440666
2498598272829
1023285071558
12006637825
2125438119248
1718728394733
3719608330954
1591087497582
2375486856585
1388806501751
1849741011211
517735732307
2603150054543
3694232342185
1525915402803
1763450318455
366749781008
3690203393653
1012046735022
1636200621578
469940426698
1869381482972
1092920922718
729912964240
1176203546412
645138215026
2126777080273
3147685859529
561630526600
556551289297
1372246969249
1729565173629
1105321551016
1411456521762
3203682635202
539166119669
1780545519529
4087777623943
4240945771145
138427910655
2502666776629
2694137045744
3714055345294
1595635609423
1477534463983
1619519215966
369424619157
3470219901312
3011486815305
1044303526713
3991809947503
859665212539
3728540212516
342177268580
848387131147
56912236965
4004602646
3262220745396
3868057203605
376192044996
1340535509858
848703667156
320283479285
333123607943
744543353930
2146766628352
1507798252994
512795762006
1884230340966
417269959393
2067106578810
3068380442266
1364748331828
4001061025302
4324182697842
201810960835
3228925425939
87824096511
2196049509641
2136196316404
2031081100002
3278869523887
2622207123718
2058648285550
2793210786514
897264182246
1040657312883
3235127717434
3433527307908
3441649949748
3726375546413
1852629748319
4142757138392
1628609942106
4024710937901
96809406663
984586481206
1276905966577
3165325787857
3048219184433
1533137450966
2617557197278
3689920785438
3812320378345
2048686917755
944164507142
3875117015137
1412189317944
3502432157265
3752111102390
1376778365356
2991239817734
3406875956979
571463889032
947243236147
717099135027
423481548136
343716762164
3736690965481
1803345292477
343085598851
438752069138
1129847362155
616952749520
474633499997
3784684782931
4104021653764
1115873896659
3478784682260
1175777500293
1155234362435
3164410851882
466526755734
1179998369723
932018142935
4222808261492
2147028854428
2585933674090
1234299081275
2789988862289
3949750134174
3464278302965
1793167710637
1137553488078
118675111035
3082578687470
2931172323311
3867812803241
721470151095
2721616268399
3699561833686
2971880817061
2316216330530
2367045343131
1769816949374
1616677300231
324442379285
1892868221581
3774269672851
3098168104451
1828867333793
1230253472333
1914938918470
3772075138043
198050111160
218513809081
865844267386
4036283934889
1158870504552
2575270958907
2789039678164
3763848827776
671334486328
995764114256
1805960252568
2180531916413
1257610101348
3640672986321
4181876590777
2486903229052
3054451303456
1188834324005
1668226480448
2202946041683
936479307432
113744014213
288966313528
1703138970545
1316678433283
2029741837510
3974297719885
496135800410
861057758093
1719982439677
2964108120321
3858911731275
2192656785537
3973086615244
3710851867176
2354746053187
7463863987
3777565080379
3760748867354
607876957338
3895780103907
1250098234135
454075273195
677529168880
2492618585319
4202826632107
1219048379389
2385211544882
187539341764
2007343252130
2193966222067
3556234513186
1168164524345
4191973338347
1679510622818
3898282244086
3622308557877
620265561247
4189216427787
3996759268682
4043025229636
443650865606
3439865586135
1287887485362
254626817039
3126851607871
2794347891139
48426331873
3011189718271
4296528797101
93800463854
1304797314356
2568435348779
883794628135
4247403152261
872286458241
4200931530576
1088580360867
3688303670327
1610394365627
2146038574940
2477404845621
2401103987399
3640307703537
2033037607249
495294995007
2398600608198
1036052448776
2719073437933
1006104512454
3064813731779
1135173684892
2638682054142
2022803456545
3935725564768
3488209053405
2684385046680
3592974743083
3145614535519
310361216448
2451518941954
2371641349649
2756192794209
3458312265133
3136167814137
3429186473595
1690123551139
2749322611943
624791567569
1026566796155
4048814503787
1320440270088
3380970299758
436639180143
761020734749
1788233455705
2341998960896
1656327046117
2222557632177
2915194941175
850819099219
3423090761231
535019043456
3927867872094
3229581742589
1264452882530
621414406509
2935287917745
183511743577
492084812091
1776230326033
295417348100
2049352632383
1076796035671
3689424654549
2250513178179
3213725312732
2289135138094
4167829758123
640943911503
2407927620257
3522345473586
4105067056994
2870781123095
4240734106775
1753213552975
3686283989173
3813768799112
2768072530848
4001902344177
3529781750234
2162169754403
1915909106021
2457141949702
3454376950137
2138696193211
3567520281648
3951978349501
3384009971130
1596895263786
89659232473
3555162067015
3769654250240
3996499734938
3771428167943
2932284007021
116569549849
1204275766189
1380584913936
2140886550743
4053367760833
490249936208
3658836305006
2099099392504
542345419654
1747174928425
370517221765
2386020948816
2377640803127
1671950960651
1698512472250
3327671050607
3101625988062
1616732081063
2809641241169
4042008165095
3988831579868
2243178154879
3202151458746
2101335783857
186651891004
1195439342798
1063652609844
3953356123312
1874538396495
1843820556825
92554176490
3062102482301
627503210198
827626599658
954738627493
3862950387961
3788080731462
3794754900865
3911620085999
1005495975391
3508008380868
2839680842571
2950744608958
140294010402
434698132981
371830594448
3479804162818
2609455424782
423220861512
335004624721
199158058309
3056043818053
181002401492
4217052495412
20984770035
3200248148730
3896141719541
2863792549026
2685894282314
3883678666341
419163190982
4157221072617
1396122421433
3210107702077
246924449228
3764231828711
1574622165968
82304448115
752474106672
1857338023266
2370714961416
4256199438106
2571703881627
301271670847
1220162034482
2076047044005
4251800481582
118524530253
1957740559647
2056061023652
1557617719977
1810312230446
1224727095833
3485313378833
2260032968685
902867699767
629781647213
3267113292062
677054673337
4073241868940
2214873608807
266615712174
1578020604515
1277915388619
3453296560893
644696281267
2669658834789
1133997212705
2434743176182
2635954732989
3586617294131
518265134753
544580938349
1888373411433
1920854855185
1295725225170
928968599686
3212331673317
1390074799564
2988142314835
4050559525947
3557351597017
2778812049581
325853311129
2196671525716
3385316736214
3340388763411
3180343719819
1786120055663
3465353050393
2437534606642
491705665452
1899319729484
3078925973586
3001488514708
536010808740
1570175407673
799190717716
360573412198
326035059751
566522917498
1291416033774
2300785423310
2587441065550
1019835305200
740822560744
689107874362
2718158811650
1253218059711
1507831599203
79799711303
115851169799
3143269371630
1051561039771
3865404302131
190818530806
2605282196830
506320293951
3603875967968
444317508498
1226049714986
3667460471125
1695696470494
2283553063934
2863062444829
594203002905
316211840808
1836279283832
4173783226242
649639781981
630018733897
3884450133170
719579296449
641003661061
1409294519695
450385391164
3724838061825
3926352713779
3994930881880
2961418277084
1515661698417
2743080014110
2415553439460
1910122713882
1462341477903
2742142195290
1446344266201
1066945469744
3058671893801
3210998116998
3211657083801
3316287060830
2912942133826
1890460896486
1395289055458
3384043818553
3111325279926
2351758083797
4084953219777
1796622005644
641241346227
2717383807934
1090326017014
2943901180021
2409852876373
2564044540250
3957006104371
954749536995
2083133384290
116597653962
1201307347831
1678540991478
1143441207251
1915552365999
2086381561960
1988441342209
1447461344259
1828928513687
2181549839826
820848176892
394244374038
2424720058017
285772124584
3068799078206
155855606383
2533382439023
3242616315765
2271651962246
1192872699578
145311177720
265259769198
3087101414335
2541063323359
350600963841
687336673766
710937872268
1791021206
2289841282613
3829753135868
3630299140504
839678287746
1707364604004
2675740986449
3093687631875
3734224623241
2243251300389
2078326253960
328425791009
1244866413336
2623829010578
2289991769960
1440903596174
1992630044172
1514753279504
1496420275845
996937562834
3202268846605
3669119800648
887597446489
3644827901699
2822522315410
2136511176064
1191686403706
3080007504283
1120996802764
4048975267626
1095234760539
3538457385777
1475847346485
590055319589
589248695392
219839519616
732807461217
1394577686358
2187341781339
3828372428134
3420748727564
3818992735265
872027202252
1876019445763
2921001809462
765708677535
2565132796612
2960147891290
3094308104810
4027734408811
3417417953293
92952493190
2291662546499
3262431968066
2774285391001
291894555768
3468503865705
3737344258282
1048486905240
3185890682873
1220587509159
1669370887655
2279058454079
4114986779740
3052531222561
3457973400969
997995466325
2497309482762
3095336716920
2970338767918
2668592930349
709430585476
3601581016292
3035819751113
64020131322
880872345408
3948713260644
2109899448726
2392959632657
513660485634
900922163869
499648356307
318937655714
1003540804314
984768400463
787168804880
1605740769732
3807523409458
1755911366900
3787656133698
1646875231616
2558724212956
1411945325275
2258849567095
1529555175786
3494101137434
3101866499488
823815284060
1394450167669
3111330848216
1635460149679
3187997578402
3416337024943
631889762696
1426656278720
2575324149311
1081731559925
390970127010
3828150591729
3965031781673
4153210191807
3872290763346
3301698685158
4042276914480
15931410701
902332461715
1217265965073
2679385143462
2410049501648
1270645757594
327935345282
942916274101
3043746356117
1568066521824
1333450402740
1656067098572
3310377737111
4189448856321
4110922752075
2568401383607
3388179164754
247234884831
3051024244411
2411439430673
1316940588777
1775213032391
3304325642819
824579047865
3836034232519
1000767684443
3949261811936
436310377376
2532599147480
2584732932552
3557288027669
614670929938
2981566026353
3370011374774
1153689821305
1180140472307
3260383428444
3642805035334
2294915273678
2792910515888
4029731740831
1198673623115
2080704591251
1272606524853
3582077875544
2288970858543
3589997490619
4071597549167
2520527354672
2283935228111
3396696993057
2404099857872
2823880529738
3962985510207
650422985196
808199950878
4142412669630
2789385514470
3731391366029
87255968455
3698554629737
32027552385
2351990957813
1893045806389
300006926583
3214050820668
401632094065
1949983741427
3244948545519
623374174703
791901921246
3750113316164
2584673542923
1610188641111
2852910264931
1180730751278
1172513424699
1660278562016
902992600429
3124254284922
1318117647745
1659421016910
1277790948617
2527434559497
1597279470849
3028395395625
1754918696182
2371569709406
2890771971724
3880344746813
2186117996228
2106985196321
245811798031
1567581642207
269825942452
1478313783886
2489498848477
2078417289494
3594735850010
2438963719787
2282121235566
3652048684064
1077403637888
178097133311
1064754656733
2746923513524
1542166555346
2727433134851
334393170509
1565986003325
489629155785
1052879543058
1250622215184
1945842243753
3144530235338
1765971449466
969488312091
1831126889318
3099967210192
880703824189
3341193419575
3439005354836
1287958883494
992576712027
1433160572984
2141354014564
884277931526
3478373681564
4099673641612
3113203000150
1306906730768
939979606753
687841073445
798592785251
1083642526981
1643147761376
4097054085908
1999544876903
1278493268486
2437718430580
1430623065103
232354928751
1430163160260
3602329399876
3761481134660
531189735923
1165268726968
739636824118
2530964380055
4151443966578
3166695553576
1867895676138
519029518623
3415223470373
4105787151268
2157009084412
767227670381
2650466210525
270906351585
4092810789279
3507071765408
1742127066973
2142395487762
480389190905
853152847850
712549657432
118418067786
3032080241159
3677643799253
3135798451355
2589281933370
3022547541360
458990360767
1341106079310
3069944677261
2124226564655
3649478645296
1181527798146
1211100080806
633737847925
1323335405991
4024039565357
768223181461
2399436672655
1858574629498
3553582963244
3601709819360
1287438857988
882996460064
2318113971581
1730060627535
1467587321439
266985158261
3510464345497
198283698276
2074407451509
3373414449728
1971866543052
4043093780266
1804661041905
405588421742
473906206243
1573117647608
3179727496606
478538205488
942166175976
3153844625598
3390451289154
1899703694178
1437053702902
3994020232655
2433953371949
843947054846
2229741446243
545132224086
3766062086742
1491351154236
2107113808223
2812415741664
2753099100117
2450151181772
689517662246
3158963073377
3859619088698
1507711080728
2351317195524
2705982706984
245933568998
1076199157180
2006814440139
908191871803
2192112278642
601391343481
2018458699899
4003903388577
3189873779059
1633223938659
444131844073
4086969439351
272168613572
1888944921415
4073913296951
3803879239677
2088152399850
3433229849381
435323763520
1026237548069
1021110397030
987638516523
1777449529508
705281256391
2066207909694
1292217264352
1152067773454
3832210667326
1093066104974
95499259465
3601012970513
1442490762468
325341429517
23132576188
834594182563
3842168359320
2806050235477
309244400278
183448947575
174848315923
3640174153510
3864548808104
2973413038741
3282968975019
2666554621585
730145836347
108753086704
3195215272927
4063935752938
3322290753912
3783708271104
1991348691401
3837103791564
2312348098701
256182243062
2344779515162
3155032741812
2171981383862
1870954490013
3277101029682
693844324537
1386739113719
2159478105196
2713827822989
31633078889
3310566376804
991740819297
734058918634
1437401464667
697808783107
146477797528
2216741530402
635514863007
3498605949910
1523780413679
1879328389649
3925904056009
1571399145432
3352452578763
832503438338
2936440905285
3546214746583
494599963988
1212165646348
2434685971909
3555834745777
516615222441
3290721692667
952695068867
2272071620646
2473696858424
63975172898
2603186493361
3375013660732
2170359764156
2734269111848
481825913679
560360100636
3348396992397
2475709007419
1568070293903
3937931396678
969903946372
3842079486947
2530072880351
3909594606566
871379179310
2391885043836
2829055906833
4096065930762
1778195584984
3929580247518
2183433037196
1761779375850
2366585126275
295404457218
696510534608
2459947210670
1147545702586
2209157106792
3916512315974
239294680221
356050508789
3122239839844
2678237519664
1007600898433
3493876409919
3620096910763
1363655024549
1441890264723
3516793248660
1168475732965
1822795075234
2628138514146
1567658481469
3179986816842
2489394705296
3533514389480
1046164508214
4033549973530
3174573278229
2722863897143
1075761409635
1920525723734
2192935940154
1924616593796
3326522254484
2162794485919
2094360662685
226313950027
2456101847738
3836695667331
1241594573917
932807027578
1085844248410
2673631923671
3511570026008
4076215388055
9812863361
3242226993735
2018555668056
1045110220728
3642022217322
2760650894546
1607508206834
3331122482226
1298681230684
3089594657906
1565485409098
2034879628483
2120659622006
4013731362596
27939563077
3187256923935
755454284252
2770103193571
3520489385818
1163800813359
1134664252147
3630040648459
793925710959
163013663681
1839235572016
2967924511866
2530796763679
124287813851
2569254229416
2285281969820
2455592442107
4013769559375
3341610252864
2197987347767
1486113899233
1570714998458
2391531990256
1089184076240
2817361064885
3274434641531
455863535929
816223376219
186635699429
2287156753071
3895454856769
2567157745750
1651529974412
1381303498645
1010387488294
101058126115
1238174367164
2397941080922
2619973935140
3259259254837
3102843757927
3713737705101
1616367632134
2384969005133
2398378948735
723079566009
4045291305786
2132321038140
542660032270
2552471271625
1207965314416
3944173805400
393974014598
3136848099630
1272769143808
2703562945090
2696629639828
2104255305728
3836823667327
2426994300002
1183501556417
2898434906272
1112786681180
3250003044046
1228449653107
2170297210379
439821209288
3751773192563
2740878357099
223583713644
634761886926
715697006960
101231557604
979637634116
2189263694565
1686006447268
817025351711
4007609941816
1680488724195
3047445271789
667743057812
3811991142173
632738315891
433979517860
2278941835885
124531483880
4034739272470
289996978386
1291276638812
1768913700224
1644725451661
106234981234
2147384707714
862217873762
113567543826
620375487893
2024591735985
3517838572496
3946632274155
3134716122968
2908075531356
4118130850790
373430050105
1036093418650
3089545449030
3751935721439
1343376226606
4021824870629
1473297315099
2834759268731
3295267227892
1846664348267
116722527385
3659112074586
2083864459797
1874019718642
1332876981548
3500037748799
3619145710959
2370674102810
490044572143
4062029464574
2410849041445
148652545078
2325426445739
3832951120513
2995764150965
550391968263
2833504000636
2027354095734
782064833912
3819132675413
3733037513996
915847034451
2786570913906
2772195754699
3378132559631
786134544873
905201566767
1196410424298
938306714471
1038499104358
3372739450779
870716750170
2607700446388
2107648518445
967673428505
222142738794
3415904028898
2154387041898
1285509682943
566130080890
2378568163853
3536733953645
1533928625599
2165218996233
3374531142709
1528743839705
1480441642472
2466280567432
2239068752421
2589607143896
743360209673
2040845613275
1052918947909
1710550783651
1181378073407
329051080440
3278151683738
1042102742033
3008023233509
2737012083883
1708579259164
2844433579835
3594995565854
4018035488227
2580436009611
1840995113056
3601463478891
4074211836031
465290589682
3029278386522
2697379580924
1544241412188
3434720259127
1551442555042
2356167729355
2431505528025
2023242368230
2267663240033
847272406608
543987485757
2421284115893
3555199754366
2873562951273
558719664496
1914570279502
499113671013
401802177846
2909797310755
2107680508148
2296655983794
934641996835
1150688336635
885535161444
3360027784734
2732389676205
441767873853
3130456000844
3257028860829
3539176021439
3999041138983
1886240334609
3357156778436
1842203654337
179227341770
3560236458578
1184807621791
1721924856314
3805140228157
3477934131899
3013086801056
215058370980
1715616187888
1100010646629
2227638442919
1820671716339
3022868348662
1593325148493
3796397629254
597742810387
3503787752270
3834726941476
3486188527014
3604580761300
470384398497
1219577181730
1207499429113
1426230142065
1607823731529
2364996864888
2476838354256
2593075290629
3870287060559
690714293022
2777387098996
3947579152679
2736188136128
2091427995164
780952338531
402241279925
1765882948035
3291018851039
576280988430
3372693136349
3642646501753
1094511768129
1517564450773
3203197874071
2341383746135
2957164126047
1068271664658
14696066985
3079656478962
1499584401649
2301221280533
684567264555
3423177718333
1881899764588
398278660996
2020487903716
233634470808
3773837054334
1377586378616
761568271246
2662717434605
114067911177
389453227286
277987247355
3237347152055
3669297311633
3811643677054
2954514297748
2621179276893
2846213176732
38987351998
251332520748
515189641809
2885451049553
3421736318
1023475018999
2810358851794
1989495633902
550679139834
1871045085389
1466302693982
770535548552
3481625096960
3551968255841
1898184987341
3980921705123
932953434058
327627332528
3560078560690
820042734608
3639807482496
1929841082971
2968245287658
2833283634653
3157157640401
3995876040313
939566098991
609647564417
768323996759
1566044600086
401647540679
985172577746
1995808496311
2505761481240
2573253492417
2066237573890
805027294420
1634275849698
1572252741593
1973171100997
1615174358672
1794786694026
2235296946049
2729636938774
96927221504
3468924756815
1877465314875
3416182215957
625669605813
953824023718
2053278949999
3783430391604
2795472463164
326251079655
1000699460369
2963639606143
2471112515230
2857506189463
296069908877
3768247658290
723202453076
561191055356
3441432718536
492954504401
1723662992177
2478583429009
2809107755164
9384536883
3811854314496
1157734883753
3748041710434
1123214253835
3781464868836
1907913822846
2004200080962
3978770199007
3156779669084
2148157365603
3900809692014
2264007942332
2462953893227
3724796905960
2636883114255
1069324657369
1672219063347
1221942831845
3949676010193
444048878168
831643362884
150238491152
280912793019
1609614345918
2764629065556
2438614114098
250118680727
1438082523122
1433237507617
1301531972669
1961807438673
4003676833086
1226155118688
2935735676291
1707018154576
1272198674732
1279075779049
2964612987441
2974895664448
3793315141469
728253361711
2296184938047
4027717077088
587785683262
1023910523217
1168042085299
3959267997843
1831272749067
1983534000816
2247479308897
1656436605800
1584435605673
195955368817
3755070623829
1837249546884
2273353585522
3977186211604
1604060135128
1382716676906
2145984065870
891802446767
954313957887
919468945385
2677156434681
3204087094882
3629521744425
3630709483639
749706752096
1957414613654
3681043797696
3570969697882
2993382709423
1337397830161
1082239458629
3921569611431
2847516113884
3710757255012
3510070769502
346713115076
521801293972
1273512833713
1796009959515
797989788634
968561883032
2516596316325
3411312554758
809720183152
3953603070151
708499522297
3479352621815
3773836030632
774253261097
570588473415
1620823283616
2301566712793
3191724604676
3271817868890
605785168968
1072379001980
611720809263
1493651706592
2285390551114
182730292134
1799179048108
857983015344
3908931878711
1085871390238
1716934576355
4032577803344
1219872860635
4015112708920
74551628123
372756308764
3626370384883
3912842695255
1854038790067
2021586706433
3406381685629
3452095923288
2719468005008
3241682278945
570317147448
284985877505
1928162800513
2130188881028
3707761909858
2677475056638
1235081290903
3328689385545
2028473456703
3755701884205
2579176594269
3794275864147
3686476429567
1057793261097
443901408825
2397146962826
3630426218316
75216363594
3225162292398
1898016897888
2633857842954
523326515603
3770537089880
1993366150041
3361383641312
966019938437
2828716813609
2395202222619
386856786128
959604091861
16875666997
780725128362
2120228765054
3656917712940
3302904067533
2848261958916
2868030509626
525630233355
1482889207931
2692635148400
1298784713967
2013493064983
3096359407680
2419862313081
3322005487372
2762301510539
3829779583234
3280800254412
2767238289386
2856340556004
1899596021008
3886082746281
2029392429972
288939578220
511192900440
2664277453700
3173549105467
2326431112472
3202774750810
1232228989286
421864622505
559384164377
3587320910232
1354029766570
3858824758538
836214525697
3561469819012
3033858852534
2063050807815
3727790734763
547516059598
616977162991
788492373428
254851094074
2768018564821
3945780123830
1121654015236
3712956335375
3459463780923
2734801588524
3257924111375
2399885994209
923458611735
403018012220
3581156027817
3798944765897
917679706093
2440254494699
2948898209511
481255049661
3090565356073
2303517405148
3686801963946
165585134034
2999502069613
3599345247284
2655811601380
2553639334797
2692742523952
379954261470
1452180538708
606427901393
1636105733846
1748762498725
870213850462
2769231004388
3724034300366
490889164773
620194691440
3819039503119
983750794008
1796298452580
1587601617905
3348796165315
2714333511446
2142839866823
3779748813564
3380752003074
3149360474008
1376326741231
1222117776445
3236069574269
246230763865
161234116147
567763151914
1867612681206
2001942589999
1927371767198
2503331708386
144370908230
1283980945127
16055415399
2501383907350
2092244039911
2479051836003
3181458962861
1557177182976
1665078579778
1769038938666
164475724933
677367780449
724307703885
1587993621609
3412932850880
3162870984277
1335504119867
995586381674
3597464830781
796982936788
1329920634203
2032891759373
3258542843811
1833890501384
33120397520
696237257545
3486743710270
2821742485942
2511684903887
2964909615479
3015757221992
364063111699
590100161187
2930038173398
1990474256244
1624677751067
2687231795972
2209455194726
383149361317
2948663561735
2195980846065
1823091513772
2098487242819
1164364249465
1712788122555
1348669864916
389818371147
1995039712074
655880075609
3872247954049
1367831529645
3904431317003
2044823269711
657557070444
596438869497
219186593735
908266970294
688993101457
584922670936
3383716380821
299734523847
1534192297700
2371802955041
3943308568557
425203325093
3977765312523
3156503140836
3959326729031
1539634002714
3384771414981
51784306119
2810185291670
1149431684486
1102772989271
1644146016196
275939045513
3790118701845
3263883084917
566934778264
3261228308477
263060105609
1776015579631
1600154896642
2621382321006
2924762696735
3008015276473
1284354578016
3396851495251
3307666246141
3813263976646
867758496749
43947435858
2345162187667
2459515607695
3093592097787
1031499355774
3890685306290
407405978868
3247681534901
2911149071869
309022916682
1883100197385
2775109769795
2066440584308
2064632043602
2423068802991
2830675659558
452061366264
867504462273
2293168038687
411559710285
2250918767160
3782094545568
190279964638
3605037381607
715631226903
2659462597018
1404986572602
23619171328
1910219995315
2832811890132
2768927089347
3758246262822
2775292157942
729480949652
76427601674
2068422789346
1638224267390
3543517097093
3864221797054
185033514797
1879833739817
2904733399449
2392135981925
1689302752885
1408691784559
1850856919588
2568815471322
3371702721504
3170493451177
1706977895206
64505028747
2582484101922
386430258557
1699451752079
474305976394
1558358192778
1617355875679
1143579496069
1153350401711
3968430245292
1484308717824
443907401770
1405666020256
1981716401392
506673980763
3112188941198
3861493513906
1783659284763
529205200986
1054918227734
2227691574878
2702298600092
1354144351623
558571914932
1688615881052
2047793360390
3477091582229
2320992446148
2691402802693
793240299447
3815942051809
126586596196
2956552598882
2799201839021
843153041483
2702217809708
8758515195
1870813899081
348444974421
390855594331
3041480147730
2905503002085
2764726917520
3026679744427
1787610430754
2969174857069
1374935799882
3383988026701
2930958576110
61090823732
2556044231519
3873078647594
3464181127755
3933581218031
2418900592091
1835571256819
1337367254867
2063261664654
769676761390
615845832435
1871155382889
3530932066715
3152912757414
2310241590652
3715444966059
2606635122318
1044906704169
464036971742
2544991996698
411187945133
1333288142472
236094229341
3610216888512
3556947450297
1190150155634
1402400381194
261483974946
414562727014
377613829704
2894459010569
1888680724982
19816654597
3431592356975
3349582869928
3961955902456
3683088911102
2729071759045
2899507376568
1046570254300
1894441007267
1338840659478
3642972324906
794102230431
3818685184686
2895686066266
3562996179984
2511530252643
1258055519634
2576670348375
797379495587
828702270552
2573853822572
1755379091736
492521103361
52157026324
3282133633453
1792857041391
1387104082686
1028135002870
1615405698781
2416680996645
1794336596320
2386265880116
2195657421814
1727963634995
1256754932285
2547664934134
2187494392880
1805558516046
1191633562863
1256668027299
3871801274980
2488803024723
3932473839641
48854768771
2639380445943
2786066078790
757587988433
2952308727624
424646296136
38946060575
988501831600
3415911944834
3611735002880
3789302456342
1533820658943
3242699254190
3288405247696
1590471313212
428282356075
1004883401786
726937952869
2646394148458
1865294565519
725400626880
472609028484
3003839227458
2895957404713
723506564993
3382171164220
1619440366176
2717918024009
678693049058
3718520323959
2790947908677
467979996575
290166293300
845009478443
860014632618
1928464068791
2099258881412
455562253420
1913103072717
1624690878703
1036639407997
2295331797028
1795808145447
1136712490093
334475776427
230838114606
182985334843
1083890470457
3722086179201
1997944652971
3559036070571
2475737894675
2082680142949
1335587752466
796815710562
270319592913
80544720822
508870719161
2816204176622
2609256167023
600382880943
2463818407502
2133440131537
850768417710
1796652834646
2067844563986
2565869603531
1326329009544
1659409949233
1141686859428
1302823283923
3433276920451
1951609471810
664168548844
950292367704
3824244536295
755313542783
3840078444508
2027028354641
2562641551299
861341774037
2791545804527
1346016260997
1930258468820
2969713788053
3831030132916
1677757959369
2853490785246
1280151751308
1663684139238
2507438274215
3063601534271
955191246893
3310381000480
2934537462203
81540390819
3783052309287
1289854417704
3605327948966
71863128829
900233428156
3926037953367
910561399187
3389776310766
2150962788597
149265431875
3814760226522
3516064830330
86641042691
2543383089813
262071384711
461385311220
3075496887892
3604817900482
41763111023
2312858453127
3379704589515
1847609696014
3930463769488
213941401249
274160677827
3421167188385
1110968454893
3772041813324
3449302514772
352221942431
1695248806222
3193761149607
2658125912165
2687037120189
287915915862
2796106059305
1888608079238
156446410629
3565530039270
243004248205
