612464768
612464514
612534424
612534411
612639191
612673979
612673613
612673454
612708223
612707970
612777947
612882904
612882640
612952663
612952624
612987514
612987368
613022285
613092159
613092066
613161964
613231880
613266676
613266159
613335971
613370768
613370750
613370748
613405673
613475688
613510534
613510476
613545356
613545124
613615081
613650064
613755063
613755035
613790019
613824988
613824944
613859895
613894774
613929658
614034705
614034647
614104714
614139715
614139557
614174555
614244315
614244145
614244132
614349282
614349277
614384239
614419287
614489322
614489248
614488965
614593761
614628750
614628679
614698793
614733768
614733755
614733016
614802867
614837747
614907867
614907504
614977492
615012534
615012516
615012381
615117475
615116798
615186828
615221899
615221833
615221642
615256718
615326810
615326736
615326548
615466862
615466715
615501752
615501494
615641607
615641602
615641538
615711254
615711214
615781306
615781281
615781150
615781117
615886087
615885907
615920777
615990887
616060878
616060729
616095610
616095381
616200595
616200514
616235473
616234984
616340233
616410426
616410151
616445184
616550490
616550252
616550121
616725514
616725437
616725365
616725343
616725070
616865451
616865328
616865292
616865246
616900342
616900318
616900200
616935212
617040139
617039701
617039674
617144953
617144626
617144569
617249873
617284756
617319876
617319659
617389902
617424958
617460070
617495111
617530145
617565229
617565210
617565136
617740856
617740637
617740276
617915642
617915633
617915485
617915441
617914882
617949930
617949914
617984610
618019755
618054782
618195406
618195070
618194701
618229843
618229816
618299837
618299771
618299403
618369724
618369719
618369717
618510129
618509801
618579904
618579885
618579646
618579470
618649565
618825002
618824986
618930427
618930057
618929958
618929884
619140979
619140868
619140766
619140406
619140132
619175104
619175016
619175007
619210193
619597229
619597018
619596850
619596738
619596636
619596542
619596252
619596231
619595979
619595760
619595746
619665890
619665870
619700863
619700833
619735705
619806108
619805970
619911277
619910968
620016325
620121806
620121690
620156901
620156716
620156505
620156399
620226388
620437658
620437167
620542793
620542775
620542668
620577896
620577883
620577815
620577805
620577736
620683125
620682796
620682765
620682569
620682502
620717709
620717571
620787573
620857946
620857734
620892967
621069066
621068948
621068811
621385899
621384935
621384907
621384845
621384643
621384551
621384527
621525537
621525535
621525466
621525439
621525433
621525348
621595828
621595741
621630931
621666187
621666142
621666137
621701363
621983455
621983231
621983210
621983169
621983120
621982712
621982512
621982471
622123306
622123268
622122938
622193455
622193081
622333999
622333975
622545411
622545368
622544922
622544830
622544725
622544593
622544418
622543820
622614154
622649297
622649209
622684298
622754748
622754610
622825193
622966161
623142510
623142491
623142425
623177628
623212877
623212871
623212790
623212724
623212503
623212384
623212217
623353053
623352974
623388257
623388198
623529185
623564278
623564068
623564037
623564006
623634491
623634172
623634114
623633965
623739870
624057745
624057549
624057399
624057274
624057159
624057145
624057133
624057133
624056776
624162432
624162306
624197518
624197350
624232465
624232321
624338183
624338003
624372977
624372837
624372825
624478824
624513778
624513550
624512935
624689630
624689569
624689571
624795366
624795301
625042658
625042533
625042226
625041936
625041774
625041692
625041685
625041615
625041600
625112078
625111996
625111991
625111954
625288526
625359041
625359012
625359006
625429322
625429190
625428754
625464045
625463818
625923519
625923427
625923358
625922386
625922151
625921952
625921937
625921764
625921739
625921482
625956807
626062794
626062532
626062529
626062408
626062312
626132895
626132781
626167884
626238558
626344672
626379851
626379662
626379659
626521157
626521064
626521045
626520714
626520502
626520451
626803635
626803375
626803259
626803095
626803069
626802918
626979909
626979605
626979560
626979469
626978863
626978576
626978448
627049133
627049107
627119840
627190599
627226008
627225938
627225788
627367472
627367319
627473576
627473536
627615082
627614964
627614949
627614609
627614566
627685281
627720619
627720535
627720296
627790940
627826239
627861503
627896936
628038669
628073950
628144794
628215663
628215282
628215271
628215115
628285626
628285273
628284930
628284830
628355613
628355592
628391042
628391031
628390796
628426139
628674228
628674046
628992849
628992816
628992766
628992295
628992182
628992192
628992074
628991971
628991888
629062697
629275456
629275203
629275058
629274708
629274570
629274541
629274514
629309594
629309328
629309284
629309190
629308850
629557181
629557080
629557065
629557054
629698762
629698450
629698413
629698168
629698136
629875339
629875167
629875011
629945911
629945821
629945630
629945576
629945412
629980755
630016240
630051689
630193683
630193642
630193486
630299988
630370790
630370753
630370680
630690210
630690134
630689903
630689396
630689275
630689080
630689084
630688968
630688856
630688826
630724108
630723928
630723886
630723759
630865565
630865471
630865223
630865083
630865067
630900487
631113473
631148689
631397269
631396938
631396511
631396429
631396312
631396238
631396201
631502409
631537911
631644254
631644150
631644142
631644067
631644044
631644044
631714948
631714907
631821352
631821082
632069889
632069800
632069612
632318234
632318215
632317964
632317944
632317377
632316623
632315980
632315862
632458016
632458014
632457837
632457826
632493213
632493052
632492602
632492532
632492434
632492358
632492351
632492351
632741236
632740930
632776164
632776132
632776125
632775927
632846922
633095926
633095274
633095097
633095089
633130571
633272820
633272226
633272132
633271938
633271812
633307374
633307324
633306936
633306828
633342212
633377768
633377709
633520056
633520035
633626759
633626716
633733387
633732990
633732806
633732635
633910553
633910400
633910392
633910217
633910035
633909371
633908844
634015296
634014966
634121157
634121096
634120945
634120865
634191965
634298796
634334385
634334154
634405368
634405209
634404860
634440479
634440462
634440347
634618413
634689582
634689570
634724934
634724530
634724468
634866983
634902613
634902583
634902561
635009333
635009142
635008995
635044219
635150855
635400101
635400092
635399999
635399977
635399984
635542481
635542276
635542203
635542080
635542028
635541619
635541544
635791108
635791101
635790750
635790745
635790570
635790553
635861872
635861815
636040115
636039828
636039814
636039757
636039749
636039596
636146480
636146244
636146212
636217525
636217335
636217250
636217053
636359669
636430954
636430900
636501848
636501845
636501283
636608167
636608149
636608037
636679394
636750666
636928993
636928951
636928899
636928716
636928488
636928363
636927993
636927730
636927705
636927702
637034671
637034501
637141464
637141305
637284049
637283845
637283661
637319306
637569147
637569130
637747562
637747476
637747251
637746900
