612500059
612570038
612569978
612569925
612604908
612639892
612639832
612709828
612814815
612849823
612849820
612919768
612919726
612919572
612989441
612989405
613059336
613129330
613164329
613164282
613164258
613199272
613304295
613304232
613339209
613339139
613374010
613408963
613408940
613443885
613478894
613513905
613548935
613654025
613724090
613724090
613794101
613828989
613828964
613898952
613898940
613898914
614004008
614003997
614074015
614073974
614073969
614108970
614108881
614143914
614284087
614284056
614319092
614319021
614424118
614424090
614424036
614528996
614528887
614528807
614528806
614633975
614809270
614809076
614808998
614808886
614808713
614878713
614878713
614948777
614983774
614983751
615018800
615053665
615123636
615123618
615193701
615193497
615193445
615193434
615333747
615333738
615333707
615438934
615438885
615508966
615508954
615508908
615579049
615578968
615578905
615684164
615754341
615754336
615824520
615859580
615859527
615929671
615929623
615929545
615999743
616034772
616104954
616104841
616174971
616174806
616244991
616280053
616280050
616350248
616385330
616385303
616385244
616490575
616490575
616560800
616595893
616630892
616665999
616665999
616701014
616700919
616735929
616806152
616876367
616876177
616876073
616981418
616981341
616981269
616981199
617121668
617121582
617121577
617121551
617262085
617297140
617297137
617367392
617367339
617437577
617437554
617437541
617437512
617542908
617542862
617542765
617577885
617612951
617718342
617718246
617823606
617858743
617964184
617964140
617964098
617964095
618034373
618034344
618210078
618210073
618209997
618209907
618209879
618209883
618315343
618315259
618350387
618385545
618561382
618561340
618561340
618561290
618561196
618596357
618631531
618701857
618701834
618701805
618701750
618842458
618842453
618842443
618912805
618947984
618947928
619053380
619053324
619088475
619123624
619123620
619264357
619264285
619299465
619299378
619334572
619545728
619545603
619545466
619545461
619756655
619756559
619756473
619756347
619756298
619756235
619756234
619791336
619791264
619791264
619861511
619931828
619931781
619931530
620037140
620037067
620142646
620142444
620142424
620142301
620177461
620283112
620283100
620283018
620388686
620388662
620423862
620423814
620423564
620494017
620599680
620599600
620670054
620670018
620740484
620740477
621022348
621022300
621022294
621022280
621022269
621022241
621022179
621022154
621163077
621163067
621163053
621163041
621163014
621198160
621303822
621303822
621374305
621374291
621444763
621444702
621515198
621550441
621550338
621691355
621691231
621690962
621690895
621761409
621796671
621796620
621796590
621831792
621937577
622149168
622148988
622148773
622148762
622148757
622148736
622148675
622219229
622219214
622219196
622289681
622289484
622289323
622324542
622359756
622500876
622500754
622535957
622782957
622782912
622782869
622782847
622782820
622782800
622782799
622818066
622853246
622994336
622994257
622994070
622994019
622994000
623099776
623170375
623170336
623311548
623311496
623311467
623311332
623346630
623346629
623417244
623417238
623417191
623452398
623487702
623734877
623734861
623734595
623769849
623769849
623769822
623769785
623769778
623805058
623804981
623840292
623910937
624087518
624087476
624087329
624087318
624122278
624298926
624298909
624298798
624298777
624298728
624333940
624404515
624404377
624474932
624474913
624474905
624474892
624722158
624722007
624721922
624721870
624721833
624792507
624792491
624792466
624898430
624898421
624969127
625004458
625004382
625004351
625039688
625074951
625110147
625145492
625180806
625286889
625286885
625534338
625534331
625534312
625534300
625534269
625534257
625534252
625534229
625534164
625569445
625817050
625817025
625817017
625816979
625816952
625816919
625923011
625922881
625993645
626099717
626099698
626099615
626099560
626276448
626276278
626276200
626276169
626276132
626311502
626311459
626346730
626417445
626488237
626488186
626523567
626594268
626594249
626665024
626665009
626700362
626700339
626771107
626771071
626771030
627054238
627054033
627054020
627124835
627124769
627124701
627266296
627266225
627266209
627266201
627266175
627301594
627372406
627372345
627372317
627478491
627478481
627478310
627549158
627584551
627584420
627619845
627655275
627655243
627655219
627796779
627796722
627796687
627867482
627938336
628115511
628115477
628115383
628115383
628115328
628115323
628186162
628186141
628292447
628363235
628363209
628363154
628398471
628398427
628398392
628433787
628575524
628575501
628717269
628717269
628717239
628717213
628717189
628787998
628787989
628787948
628787937
628929729
628929421
629071243
629071194
629071180
629071131
629106463
629106425
629141893
629248290
629248244
629283713
629283592
629389995
629389988
629389931
629389911
629531797
629531785
629709168
629709138
629709020
629708968
629815404
629815336
629815275
629815217
629886144
629992616
629992474
629992470
630347365
630347347
630347309
630347088
630347042
630346997
630346971
630346815
630346653
630346626
630382078
630382001
630417484
630559447
630559431
630559417
630736886
630736788
630736774
630736778
630736720
630807656
630949693
630949666
630949636
630949499
630949499
630949503
631020543
631162588
631162539
631162445
631162446
631197919
631197874
631197865
631304375
631339848
631481965
631481943
631481923
631481869
631517359
631552874
631588404
631588350
631588193
631694762
631730238
631765757
631765700
631765700
631872323
631907811
631907785
631907691
631978721
632014177
632120836
632120802
632227465
632227449
632227361
632262909
632262827
632333935
632333818
632333767
632333733
632369246
632404779
632440327
632475892
632617982
632617968
632689104
632724600
632724589
632724542
632724520
632866777
632866762
632902273
632937842
633008919
633044498
633044336
633044266
633079764
633186451
633221985
633257498
633257373
633257314
633328484
633328402
633328385
633399504
633470645
633541772
633541766
633612922
633719692
633719609
633719575
633719501
633719496
633826248
633897384
633932934
633932794
633932786
633968364
634075133
634181956
634181925
634181845
634359901
634359855
634359853
634359831
634395445
634395426
634395331
634395293
634430855
634466447
634466232
634537444
634537295
634750957
634750949
634750859
634857739
634857739
634857691
634857662
634857581
635035703
635106919
635106897
635106846
635106804
635106762
635213636
635213545
635213518
635213427
635249071
635498521
635498465
635498466
635498423
635498249
635498152
635569412
635605036
635605002
635604968
635676242
635783171
635782999
635961199
635961103
635961100
635961084
635961030
635960969
635996558
636067766
636353045
636353026
636353023
636352841
636352844
636352848
636352772
636352770
636495357
636495341
636495333
636530988
636530986
636602335
636602181
636709224
636709209
636816186
636816101
636816025
636815980
636851675
637030046
637030043
637029770
637029702
637029664
637029630
637065307
637100982
637243755
637243698
637243655
637243595
637350299
637350275
637350231
637385899
637421593
637957168
637957096
637957050
637956983
637956932
637956907
637956912
637956880
637956860
637956815
637956812
637956782
637956767
637956725
637956586
637956481
637992183
637992095
638170678
638170502
638420565
638420540
638420453
638420452
638420412
638420152
638455857
638455779
638527243
638527154
638527088
638527001
638526850
638634058
638633996
638669682
638991309
638991309
638991286
638991201
638991051
638991062
639062529
639062458
639062410
639062383
639062377
639133848
639169505
639241012
639240912
639276636
639276562
639276562
639455304
639455214
639455214
639490978
639598266
639598266
639598246
639598214
639598131
639884228
639884228
639884103
640206046
640206004
640205796
640205790
640205749
640205640
640205592
640205566
640205561
640205418
640205404
640241066
640241062
640348282
640348247
640348225
640348153
640348094
640383728
640526888
640526876
640526842
640669995
640813160
640813129
640813096
640813046
640813021
640812995
640884591
640956038
640956035
640956032
640991749
640991587
640991552
641063116
641277948
641277861
641277803
641277798
641277722
641277635
641313418
641420815
641420747
641492360
641492349
641528114
641563927
641563914
641635463
641635450
641671247
641671230
641742869
641742794
641814450
641850153
641921787
641957518
641957486
641957471
641957445
642100713
642279846
642279746
642279526
642279479
642279379
642279371
642315184
642315146
642350971
642458430
642458322
642494114
642565805
642565718
642637400
642637352
642673171
642888195
642888127
642888085
642888025
642959640
642959594
642959561
642959554
643031181
643031162
643031153
643066975
643102834
643138690
643138665
643282101
643282072
643317842
643317829
643353686
643712416
643712416
643712315
643712283
643712275
643712109
643712111
643712106
643891514
643891437
643891432
643891401
644034945
644034901
644034881
644034827
644034834
644034753
644034752
644034536
644070413
644393326
644393317
644393249
644393163
644393091
644393078
644428973
644608293
644715947
644715939
644715888
644715844
644751633
644751620
644751524
644751449
644751442
644823255
644823250
644859128
644966858
644966827
645002633
645002508
645002420
645110096
645110091
645110056
645217725
645217705
645217689
645397299
645397273
645433054
645433053
645433033
645504841
645504694
645540501
645540485
645648244
645684176
645756020
645756001
645755862
645935359
645935276
645935280
645935282
645971149
645971106
645971078
646150791
646258498
646258469
646258396
646258394
646330096
646473881
646473812
646473811
646545722
646545648
646545640
646545644
646545573
646545489
646617237
646617081
646617063
646724770
646760716
646796659
646832530
646904441
646904418
646976074
646976067
646976000
647047896
647119804
647119779
647119738
647191703
647191635
647263524
647335423
647443343
647443249
647443231
647443174
647551098
647551060
647586991
647586991
647586861
647586834
647658797
647694712
647694698
647946590
647946532
647946483
648018403
648018400
648090391
648090239
648090148
648090128
648126125
648126125
648126096
648378126
648378122
648414119
648414092
648414094
648414044
648521979
648557774
648557710
648701771
648701665
648701665
648701659
648701574
648773555
648773525
648773528
648773486
648881465
648917480
648989437
648989429
648989428
649061450
649061379
649133440
649349622
649349323
649349279
649421343
649421327
649421281
649421255
649493333
649493226
649529266
649529212
649529152
649601204
649673226
649673130
649673057
649672943
649708934
649817046
650213602
650213596
650213567
650213561
650213545
650213528
650213475
650213444
650213421
650213405
650429671
650429671
650429666
650429612
650429581
650429564
650429568
650573825
650573699
650573630
650573578
650826034
650825950
650825760
650825662
650825628
650825626
650825636
650825642
650825588
650897712
650933768
651005920
651005881
651150131
651222275
651222246
651222194
651222173
651222044
651402453
651402283
651402260
651402260
651438323
651438302
651438290
651618728
651618609
651618534
651618529
651762897
651762836
651762816
651798923
651835014
651834975
651871078
652087731
652087657
652087640
652087607
652159837
652159790
652159792
652159778
652195888
652304211
652304173
652304138
652304126
652484709
652484691
652484662
652484646
652484636
652665242
652665203
652954136
652954079
652953943
652953942
652953884
652953840
652953770
652953744
652953657
653098159
653098158
653098080
653098049
653134199
653170267
653170261
653170244
653278635
653387041
653386933
653567667
653567660
653567595
653567582
653567572
653567553
653567492
653603614
653603584
653675882
653928965
653928955
653928874
653928814
654109559
654109555
654109541
654109509
654109510
654109510
654109416
654217907
654217823
654253915
654290045
654289980
654796424
654796422
654796382
654796282
654796259
654796188
654796155
654868405
654868334
654868336
654904459
654904447
654904423
654904251
655012667
655012633
655012592
655121122
655121112
655121094
655121097
655193475
655193380
655193381
655193294
655229416
655229394
655265596
655265558
655301746
655482706
655482706
655482685
655591135
655591079
655591052
655953076
655953063
655953055
655953055
655953027
655952958
655989010
655988971
656061219
656061219
656061201
656133643
656133539
656133504
656133491
656169716
656205933
656278374
656423191
656423143
656423124
656423090
656422999
656422861
656422852
656422850
656712677
656712662
656712660
656712656
656712638
656712602
656712588
656893755
656893721
656893702
656893685
656893576
657038534
657038405
657038401
657038275
657074514
657255766
657255739
657690731
657690626
657690612
657690509
657690440
657690250
657690192
657690131
657690125
657690088
657690064
657690044
657689999
657689888
657762424
657980023
658016225
658016223
658016218
658016168
658016025
658015955
658088508
658088490
658088151
658088023
658269414
658269332
658269289
658269235
658269176
658414315
658414313
658450536
658523064
658523017
658668085
658668084
658704382
658704347
658958391
658958337
658958286
658958270
658958235
658958238
659067144
659067050
659067039
659393710
659393590
659393589
659393575
659393476
659393484
659393483
659393441
659393408
659393325
659502173
659502173
659502114
659502092
659611055
659647352
659647221
659647212
659792470
659792453
659792435
659792435
659974016
659973978
659973972
659973946
659973900
659973904
660482496
660482473
660482457
660482438
660482379
660482298
660482287
660482270
660482120
660591149
660591110
660591009
660591009
660591004
660590943
660590941
660699949
660772595
660845292
660845221
660990632
660990548
660990526
660990518
660990509
660990433
660990409
661026737
661208513
661244846
661244816
661244818
661244724
661244436
661389820
661389814
661389604
661389598
661425949
661680530
661680464
661680451
661680440
661935067
661935061
661935035
661935032
661935017
661935009
661934850
661934828
661934795
662080288
662080284
662080283
662080278
662080267
662116606
662407723
662407723
662407719
662407721
662553290
662553282
662553221
662553144
662553066
662552961
662552919
662625679
662734837
662734768
662734716
662734597
662989413
662989307
662989310
662989208
662989163
662989155
663025508
663025419
663025315
663061642
663134409
663134359
663207189
663207184
663279940
663279935
663571310
663571270
663571236
663571198
663571157
663571140
663571136
663571074
663607511
663643887
663826023
663826001
663825927
663971617
663971591
663971591
663971579
663971574
664153686
664190040
664189989
664189858
664189739
664189707
664189697
664189697
664408222
664408172
664408122
664408062
664480903
664480891
664480800
664590135
664590060
664626449
664626364
664735741
664735741
664772121
664772118
664844979
664844918
665027175
665027172
665027172
665027116
665027003
665245825
665245759
665245728
665245720
665245656
665245664
665245609
665318481
665610288
665610227
665610165
665646641
665646596
665646524
665646486
665646369
665646335
665682786
665901686
665901610
665901597
665937860
665937768
666010682
666047056
666047039
666047036
666120006
666119993
666119967
666557976
666557907
666557864
666557870
666557870
666557837
666557830
666557677
666557680
666557680
666557633
666557617
666557575
666667063
666740078
666739851
666739797
667068412
667068349
667068349
667068328
667068310
667068261
667068246
667177641
667287204
667360182
667360049
667359874
667359747
667578924
667578889
667578817
667578629
667578622
667578569
667578516
667578467
667834233
667834209
667834206
667834157
667834102
667834084
667833841
667870398
667870398
668162753
668162682
668162667
668162493
668199018
668199007
668198977
668198970
668198932
668198868
668271965
668271939
668271934
668418133
668418132
668491262
668491256
668491232
668491232
668491227
668527769
668637443
668673900
668673851
668673798
668820022
668929716
669149162
669149149
669149150
669149128
669149122
669368541
669368524
669368435
669368399
669368376
669368371
669368360
669368306
669368273
669587724
669587706
669734020
669734020
669733986
669733894
669733840
669733640
669733630
669733540
669733520
669733455
669989655
670026243
670099127
670099072
670099066
670098990
670098882
670135498
670135476
670208620
670208619
670208585
670208585
670245127
670318329
670354945
670354879
670354690
670537768
670684200
670684155
670684129
670684045
670683939
670683786
671086648
671086593
671086507
671086492
671086337
671086319
671086265
671086184
671086139
671086063
671415747
671415715
671415692
671415675
671415622
671415587
671415394
671415390
671415389
671452014
671525294
671635230
671635219
671818445
671818411
671818339
671818277
671818217
671854875
671854805
671891446
671927915
672074498
672074498
672074500
672184485
672184431
672184367
672294313
672294215
672294212
672404190
672404160
672404148
672404138
672440727
672440686
672440671
672440610
672843899
672843885
672843857
672843728
672843722
672843719
672843708
672843679
672843539
672916885
672990124
673026800
673026785
673026786
673026655
673503594
673503568
673503498
673503491
673503384
673503291
673503162
673503150
673502998
673502977
673502860
673502835
673502831
673796480
673796419
673796377
673796329
673796325
673796267
673796263
673796216
673796141
673906189
674016303
674016270
674199843
674199712
674199696
674199670
674273058
674273058
674676973
674676899
674676766
674676754
674676630
674676589
674676549
674676528
674676531
674676530
674823466
674823345
674896818
674896738
674896735
674896639
674896581
674896559
674896555
674933299
674933282
675006748
675006528
675043121
675043111
675226832
675226683
675226597
675336796
675336752
675336729
675336630
675373335
675373310
675410026
675520163
675667095
675667091
675850872
675850830
675850703
675850700
675850661
675850574
675960746
675960653
675960640
675960632
675997377
676144450
676144433
676291483
676291443
676291423
676291416
676291152
676438229
676438189
676511713
676511611
676511527
676548236
676548221
676842460
676842398
676842389
676842320
676842186
676842184
676842160
676842061
676878840
676878726
676878714
677099449
677246573
677246561
677246425
677246367
677246358
677246299
677246255
677577470
677577454
677577361
677577356
677577351
677577346
677577252
677577253
677687672
677687594
677687569
677834800
677945228
677945221
677945215
677945188
677945186
677945186
677945128
678018720
678018641
678018552
678129026
678313003
678312997
678312932
678312858
678496961
678496823
678496791
678496786
678496787
678496689
678496591
678570190
678570087
678570090
678938492
678938484
678938475
678938469
678938421
678938293
678938233
678938202
678938213
678938114
679195974
679195927
679195868
679195852
679195835
679195847
679564376
679564362
679564341
679564249
679564236
679564229
679564222
679563982
679674586
679674575
679674577
679711389
679711350
679932412
679932296
679932276
679932260
679969107
679968955
679968942
679968810
679968810
680116295
680116154
680116142
680152884
680152844
680447896
680447871
680447780
680447781
680447613
680668939
680668913
680668883
680668887
680668884
680668888
680890239
680890239
680890207
680890165
680890153
680890086
680889972
680889976
680963786
681185117
681185113
681185025
681184947
681184950
681184925
681258731
681406355
681406339
681406339
681406295
681443127
681443126
681701513
681701508
681701383
681701351
681701352
681701344
681775074
681775066
681775035
681775041
681996556
681996488
682144198
682144065
682144065
682144048
682254824
682254787
682254736
682254737
682402449
682402425
682402410
682402245
682402155
682475951
682734542
682734490
682734420
682734416
682734314
682734283
682734265
682734218
682733950
682733868
682733850
683029403
683029216
683029192
683029192
683029155
683029079
683250815
683250780
683250728
683250658
683620297
683620293
683620239
683620188
683620164
683620122
683620124
683694085
683694007
683693881
683693774
683841577
683841546
683841554
683841498
683878378
683878370
683952022
683951991
684136843
684136835
684136734
684136696
684136694
684136671
684247608
684247602
684247575
684247567
684247554
684580468
684580463
684580459
684580423
684580416
684580381
684580374
684580385
684580307
684802263
684802227
684802211
684802204
684950181
684950174
684950077
684950011
684949971
685023969
685023945
685023942
685023843
685023834
685023797
685393849
685393786
685393665
685393656
685393624
685578704
685578551
685578511
685578489
685578382
685578382
685578280
685578270
685578233
685615220
685615128
685726217
685800251
685874290
686133531
686133486
686133425
686133402
686133358
686133248
686133211
686133193
686133138
686133082
686318293
686318067
