65373678947533
62018548661659
2651999429579
20401804936925
21686841205596
25944962363032
8001819154057
75712919069361
63218982852461
33067848676082
72232342098687
60634179233183
19830690523066
98980960725735
94250057932237
18529653780724
55746952789722
85607655080350
48177698763703
26209468103209
54751528434584
48259687706868
6052965164523
17201476045227
71144138254791
58013622380255
24715256010202
5264337506900
34238686864506
50261590713059
62160833543118
45958058497295
62578244705551
56449088275265
49862911066559
115952583814
53792378060088
30774964047256
81779511885927
44934347643861
35206915690533
89656713964095
40445420688327
57863453022392
9924076656187
88458458797004
15807077355928
6099075054613
18998336084856
30355264452585
64091026451473
80500171893043
32491057624129
65859872697675
24651714074608
40484490373295
18907094443290
79092058133824
88734780104891
75723397147612
26550861558338
56355540022015
86405577485447
80420472289628
89202357063211
73750878520908
46407602015699
38079724817742
2295483508744
15964010292732
32213739153309
66570587664389
9995333079884
97949747044259
33811869849799
58148516099999
4159096491788
57561706794169
56629958247550
68633161568739
95741799163425
87464422813579
68815481140712
70879926573932
14331085579115
8973160653521
84459527399110
80286188585847
73933449471049
86563948727182
93599705569078
16128914757627
73453504562886
27790031058010
57434577010492
62117134419877
59743757036413
92038109874995
95556464915794
19942443065270
42829086572341
71255360334268
4049600609107
79218950863573
67704779637913
25950118688781
52401441571801
97073590631203
80699386890922
78448914145678
35662005320558
84267032536697
21601757342962
22189451368776
45735024294590
96495219225576
95697098566936
66876937278341
39713652571598
61644921782678
77095760672818
14608367054701
94771768636849
88116498017489
59818478358562
74697632435355
53936426719682
7432264499969
77816857434277
64555246536704
71701576237726
63735476198391
46637800218004
459800540909
24241817900150
39929421532904
18905232697892
15532805082856
78608787618085
46362649263698
39344639610258
3512283086072
96384947402335
81564198450383
61101033462462
67516775325420
6362387422460
93984610517274
20268900535169
9002316182419
38850831937060
50531818942147
35608897330166
58344367825176
55616868329449
49593879988835
44258034528372
28294542029309
65071261535862
22280998108923
31647308019686
22731039809691
67330269701162
78995103886150
59359551970654
86918266552268
26208986417329
41607719065222
84894783973728
83344510360715
38735547902715
38376422312316
86921422051959
46541203376569
13186851414993
65588191331630
41756971371931
53912860312880
65802123616493
53234566647378
74940875295064
72421719712398
43324130083112
60816508553375
52952273978169
79838767186144
4525781764414
19330733001170
77808787252711
1588662579219
68874098475635
30069291990591
10444936723629
36161347561255
16449158708615
54959837111695
10762307963776
17883871910780
16748816308618
67072973219966
88722936278393
93067931707352
52127200737525
4316215186812
50049998108845
62593393481594
13546899312105
57445362757847
23034405370050
71377787485054
39550203621454
66017965465671
43082382622885
48558406129108
47238217639892
76148405463774
69649832445614
82339766297281
39003337740790
22613689247937
76388205931119
10272208913603
74310524705278
27938305053145
39543174471420
85398897998870
23139694530711
14769275353032
71737734425488
46138549956278
45903742691675
69431575342766
1880499392006
16653067938114
49118767224133
15752837507952
22079724609781
82313521722008
50284200210196
87917767201099
73805064583955
37588309148573
61727173051888
8543932578907
93948626466783
9950015649940
89199105129798
10136106974650
58222077446555
82797484391245
15137607248466
87366467710873
47979701440375
62080268503351
15983086580650
22168496728858
29272655395006
10143749048406
65224271358906
21544213439271
87578867915798
14753179818603
13983780037570
30227547134742
11612724410277
30772699326885
46966277201555
9585336653591
45918634845338
13581317097141
61556538664360
30394535636504
8389907280782
70087580751100
49829355784398
58151879865219
79328573029163
9528544735570
82361331612859
53483935942179
63922884129948
33373614821180
23721350172167
61177423618306
59877921699724
10853426855088
58467890025551
57003334315733
24987392940488
44143431333363
1372780640779
17750821253692
67327628302582
37361229582494
86762426611152
12108306109907
58561384477244
84981066910116
34322463868057
90688773767495
46677445590317
34183755807713
43636610122588
34928468993472
10637730891982
63372650919882
17335292349592
63210136903706
22007535960142
29946152384893
38500854196411
63581574810041
91208832506545
6914015256906
43793164152523
7570153165020
70413718309535
12953110328824
67221464819122
32263964193459
91967677991215
92392463287821
65501369117249
61859843230681
45081895380538
78660869156678
38409341031052
16736529920268
85385055670984
39766528888169
29632816518538
16751615284687
20938695811018
3281960907534
13540555280948
43240259576153
33919922601303
83969120788141
41309034614682
63665213439774
15604150449271
87025278595237
89159576542019
28857901681606
5821397890572
53411793762438
10889318709823
698427062378
6404586600374
41505964232604
50794224113526
17773743664130
18506096703748
41131676665864
51002548771523
8023002865673
1566268975812
24906703890210
70153536198312
69152980739405
10449087188717
52543718727392
72034110589854
68693294234055
77876705357518
23228883165285
30231681399426
8618912845132
19052559156596
62894440133371
25353511377750
10714221452702
31005222903532
47424385990703
56429150492260
33436590335840
74595201161367
48006650225052
57060240505512
40484188890813
74370884593811
39629389981008
70172303954787
44316405814549
70648057874546
64481140367118
46743705451160
23103093951125
6061176727341
15106129673420
33918771758060
34144795336498
13697569336376
48046225084278
4587299006037
40122793087140
26303211077330
70925582299302
64030161380903
24378377307914
88666064191482
57718474976776
69733102417523
10425459776617
44831936074840
47867830004055
15043742188054
68658572887856
3849554038233
8416248049388
49907906905402
17202699374707
4099448342833
47917327186714
83542851526827
81873761441299
42106236882283
82128673723075
7587770155108
60247249413900
21537633103196
30829469639528
58375452919889
18376622576184
31730209485042
6097633875547
29219622483041
46019568099408
71688313258180
3571182583740
90023255423001
86990914590609
77215807750197
7982936233972
15415137032308
33936997658728
87381333034076
3742531844574
23171029758218
39459212405861
43872825601234
6473710101308
66512399367841
85421544017010
50970584725657
27057814634547
81455948531553
41168618645087
140533877585
44633931874336
83320065352861
25097637158095
24026937274211
8550395545720
67579651877636
76761529284408
55973950296434
36297114416791
26764040332813
5150622237244
84227524851106
77139603699858
47057011792710
80468523825540
85435924671065
72124434120062
78220481931357
20987665499636
70853835909958
72268864537195
21224722681163
39042701937042
83361326111044
88515540666963
29034441953467
59408641210204
6520039386771
60425557201287
68350526538755
82926229579192
2468370081123
80152857793711
83050400367793
9410745671038
23518990785533
13291090046334
128522372524
13453234696464
43348676154948
45672429619974
87458194988057
84246343259744
73252693149692
18150887518492
31838477662884
64030980330648
6160478739904
17323426712174
54672146635982
66785106221605
35596966537350
71556364194864
12384630826057
6663599117437
84046923277512
17209693476661
77210100355963
60520663495569
78343094200903
87414634944699
15320378491111
82026342790941
63845530413896
81331959463132
1895474369816
57014455888948
11318325648076
86972971108308
39050766659903
40334345106433
71234885735110
44574272037991
52506534559685
62292599174053
33455511501127
6328608632605
81523317093099
12641203785114
7478634311089
37944368382912
20430448918092
69202253704561
23682529722759
50519951386232
7397301448714
10606122335744
26062324617688
59844532132623
34505826255248
31054996597190
70253608402971
69175151028676
52488849466276
42556354236681
55008081130607
45944462071429
81709310927677
34431287539425
63974135514073
27575821269666
51747984247301
83623945410770
71348013736021
18092157880381
43671317651617
65719385691245
59652669217503
75604572312281
15496821480216
69652859721466
25868111406341
60135446697356
73964521310962
9746384207055
44708545984290
25970330515489
84638472871420
81455145445239
83666362810167
78604069052125
68011083202572
39443963989970
75156666918471
44686274948341
80792670828070
54349856431137
80974872636674
3678440716114
76726674288156
82005435716072
13231502126423
36266146904497
16038011785529
10958509840431
55305979731543
40584898279891
15943457867663
24803415677171
84999207681614
58840160099257
34058427563710
15754784453800
85371107359636
25385592080138
59549362934000
28719351252640
7822898054116
70500371150241
67529223494480
62923723756627
48975175846323
79974938919849
56862180084183
53489902917803
3545989672317
11060601610534
64226144508304
12967179425370
16672471509345
50969943526780
56095277906924
50303424742842
58842444819236
68894004771286
50736383875987
80545651529780
48349015449947
79896685660036
76739345522680
13386480720865
7917722776365
6503118333945
2042344877453
15583878670933
80980406452894
50459117045928
3867042313304
79510340107645
21709463829439
53294241990150
52971761116339
75420283947038
10963314467773
60831289506519
75051883974510
56342681283170
11795128921063
10299133911481
65230182268472
13292996015169
28550573537838
3613864685037
79812462711462
14884257614203
40215786639725
85454645979658
20013702886961
29050087889157
71525985519699
12981582203641
25898585919088
80611705495208
16233079370850
65234222659504
71710760405398
1881769310466
22381490817070
73573122897760
50779365952713
9545688024370
75802886921850
56558731360520
10553412521665
18817332721675
44103226286605
83336732865233
9707381783578
44299749247286
11187190791124
30530557380387
54720404358419
12914115372408
41221760125318
1911483628967
29828969702176
26367589832676
71784794316142
74253949573637
36482284375460
68227003753705
62128982457111
57522675455359
44351435004483
49240257688158
30387662125746
12504161702892
71790242631128
38197314801978
77389793067040
10806472923146
43257530797260
83623399685832
81043616406248
2720379564160
69440103658405
68924733032639
48422333483745
71307862960522
56570242151649
10863188325517
83666549333296
61861272480194
12511170227518
55558507627918
27911977151379
67496470901917
9838865511915
37813057741462
1499337620138
84383029910280
68041014801655
65427325397874
75687547891527
55910018224934
7090558164689
5409595913425
31343877027173
59291243289523
23506369897504
70770670970700
51188308789087
35130708072109
45904930756829
81086301701296
37368553509251
70502396245618
81403626149954
37296052006071
62554033452794
44904911692654
48788994512140
47819875608245
19072289455983
23629054438683
527696663559
7367151680851
55312377964933
31103220330621
45011128607309
70221630600672
34136648113778
9674264088066
79412640594583
62185344427545
14332914912275
33730612210987
1972085809518
76038541721266
43248779644771
24220353313833
11911684000183
2907819736440
3520051739456
736200909411
45614079362292
26872467587187
75259824842388
34750392247581
60606175124302
82778376245546
42301576855860
26554501894994
14619548173202
54737875497208
81298502160427
73799350157572
55872978574052
21620016544085
32373836747495
65174789695178
42573031923005
77428535945062
9732012528731
14613323028410
45799461760364
54274252653361
31343512821133
47162836335822
8307763068787
63913268315322
59300768653895
42779573707289
12406718809746
63037125580173
28537255969655
34885433317098
34679667542182
33269790117053
77879728114525
45756063276878
7798806075365
80403938972435
42182296932672
2899576083607
59402986766239
45084145313112
69789773710990
31663672454273
10219670511669
12317400927616
58827753867036
47539076148439
77519888838790
40158053471990
2815421507686
33723233556935
26639686467346
57861752082186
2635409639317
43099295193423
28608458704956
57297679314114
11631978211067
81394516827301
2730188404716
62436661149539
36104720156885
25906951079875
46016161056658
16087516265153
39379290997947
48782597952136
6493206803254
24496143046611
69536301058108
52145641764397
9792485547176
43907014594842
35077421051784
64997859699711
32027029206637
12621127488146
47538319318103
52633489197308
66267156464153
44390484032916
51142959255282
15519669587686
65598319764249
29461234251433
41779479227424
73712478706339
65680637295281
57306795434874
21389703612532
44667614735770
37497774426802
42232918213603
45167706627294
12759719731048
41586474172644
44348583729487
46580212232436
61014814668726
58959817716641
233155090375
75922223513748
7555428669992
52098919352332
46053174805409
46371118603163
54655667384585
79279466265388
8584073558601
42897913706905
7744748706768
10670209373925
11211714984557
25368594059107
43184619357245
13760797368457
43935794918733
15348619948118
28876900045668
2483593069261
63037914275310
366076204725
3267524292810
58522612718120
17694041985720
25007878006038
5750122771729
14174515709152
35395231537498
43383859437855
7782866258141
18238138774200
23488471946016
39327946532123
40753223206423
38527284803863
39858788963676
78866409988017
76739341856356
70718692275927
9983910537299
42605601301085
57128800559292
20523256404428
78487105619611
48282631712019
54615585819783
65987161609938
34378037996333
21768543710733
27040116595366
18123836993095
35777514062795
79367777798255
67018893949741
22122977708590
79917628825675
52667700077808
16087356354957
9607253078966
1220299916125
75223509246267
43467092656291
24885185877009
46926798078245
30112920200553
7328294892390
57037995614454
69671390288992
56200988461990
65614561248086
20801106054160
57308207927444
68533654791234
54892426158165
537334468340
8523937373797
21754734102943
78495088362259
44896002373399
44261908997292
78523690466591
37933079517269
66836310780425
9992101525670
57579353522395
55287912523589
39151272717392
1242887256392
46092285872510
10927334256489
50262203649104
13369376777596
23704393200852
78905032624632
4845460525848
54502257240189
75977370311705
70628018929935
13546199273559
50861931303874
68853679241710
26875016978051
17579882211947
31279277026498
12347307121287
4689593485941
34847022297960
60762973049956
79024653851394
76908317537864
76997150579376
39122702612868
13108199092318
43778730774415
20165251545639
69801737705176
37706314301946
13354208404815
47757841714736
20688667475640
41852107529190
66577706167643
6117274701710
7433227138273
47186801096436
28294735143957
46451218220703
13281086939646
16082029622571
12506088977590
6491188109171
67413049700954
17310190383504
14039499727261
62806533337950
41406722398155
3871703880112
11380873781469
44432928760615
18895124441108
73513030601276
32629620302227
12355327694241
32788770974901
1388941061531
68702984505687
21181235918124
70772448195838
78666704281322
45501716193290
52443749711846
69539112319360
1607694565692
11183309970399
17017044772512
50281598557674
71420611395154
66148568821841
47410477286624
32180791312693
41606437888136
7194072577729
3818803519036
52342942162092
71003186885176
54001538231022
46077042209599
66279728313982
5526047465521
13056195997192
22261520426915
76027056690419
15050660436953
25992297939388
71287381741508
1209301501513
26919021858885
61575135890631
71087771304903
34744276054539
3224629441635
21617124959250
4266409642456
28668950644713
65560043983461
48369477239191
33805586926183
14206919506969
78060748983843
69797970340041
4600043242767
61531038818532
13456043364324
67479612452530
50121520325539
74079851808315
5641278497605
11364439648316
262468506563
73233564518295
31713369346117
63422284840025
49472758154354
11635030291570
53012245995999
36323821552073
31309853488387
50715613226440
34214371546769
28163864716270
27256387789111
53815659927255
31026023379368
75987891177857
64835289716292
22810178827287
67437478564802
27568108445176
50525387546484
7889022854369
41094398363968
59294920524628
59249790326751
33816181451651
45615513814356
59372033313629
47140851324683
34612246971136
57914360761712
32089378296605
36841450286544
55287989897509
73048303350402
34929092823175
24142590935732
16072334181462
62196669542621
39635126314941
30814359549670
1300730915727
47459687165515
17753372826976
3961567052731
20322556885487
76162823380973
39466616477501
61669610554799
24995568869891
65384386450481
38649713792613
20552157970204
59966036608070
34343784088193
35309699587062
627713296284
7406433764413
41866998221920
28695865441378
43635592170678
44928426815554
33844498626642
67669077333639
846616902836
54520681177936
61977924934825
20215642726057
44773049791946
202374183173
12376529595334
16659260479362
18364261566202
44135476411465
34886359744744
49312408966902
52376997973242
65978048960395
63841961464342
45534338866776
60269169417365
31246960718620
29454182980581
31073786233928
49541676811638
44954941331212
17313742928708
14845951541727
65031007824407
58870938234502
60313555608321
46410260689217
10662225761718
13639727257479
33609793314100
48053614246880
26770990949582
9684078264611
63033377890249
12136253639414
37773433277885
64340685016131
10176802979697
48522178540514
69783960757817
37285943721378
52993825876389
71753374822118
49650823646928
37208280914282
41904996528334
20589869935347
69340460915590
24758293013951
48646354786662
63861448977782
68563312499165
19232263767932
12993386467972
22003434512397
44874487890829
32549260725757
65713296172463
75089848722231
49026321988056
9891385355051
42859651546646
26536243960105
20093516882705
24990964384430
64734184491646
25344940524220
844559655910
45090738381610
51471084890121
5875542308424
40252115610569
37446339643212
19043125981371
74759651972843
51360363227119
25910644262707
17886640177260
51532125244183
70163745957652
41540200326110
29079443998383
30256931663286
43562763969438
38792779746724
4533705092547
74149109691033
39535070954166
11810836242802
49407959111821
47414149923379
21130581203286
63904092405543
48409645713381
12902457617877
1923982382027
10857855265876
2243085418288
59029277982824
15512566955265
30006879307344
34848654640689
52298350641728
38269589653068
38004846671890
10414538849007
1043588703674
4424033926696
3339892843290
61731754538317
68614315093163
56620060752982
18838222833750
22804129293128
34983488217249
73868555179896
20837889053570
3003104473409
34215170810991
67650709547902
34862200130872
27945747878114
30367716423244
66669583641871
50505820795213
20254269596538
52678838173369
42512185650653
69571537901803
41802258646750
66025445315161
27020060955806
17203520506462
72444370331668
31585501580271
26940828317731
59132534164525
71243806590930
10163499809133
64963441997275
3815071795692
73503430147550
19939902684660
1083532824563
72413225438773
22815493438187
61981930985819
19050661306433
22961717458592
8369183586843
26944601974513
26473025312863
50901426632483
14310904961872
24159585057631
16476811243837
61141129721563
32144517010129
67644682975524
41086545893745
39743144141058
17393012611031
64465395186272
33904219297306
42947941588712
54102285312724
58955731704563
68667932621336
33382460881733
2671245282601
64501340106584
11645614539321
18527007156322
38987354174160
4950559922803
39360976483446
5461306308807
72082234628360
42478581207727
61643666194790
15820155950672
22379919169354
39555634934489
41997774014562
11274093707679
53484241275250
53772437816476
66278459411314
40011242269658
5525492772923
54597871201067
56879447439125
49565069596601
24398931379481
5927096566196
11014470485737
36377588581963
41592757424152
12461142161789
17684558819362
69873940199591
23137482918263
64049966022972
35269265557627
61888123671668
51131562894740
39143413445398
45745831160245
59974971375563
6247275971637
17782127187133
5752554667895
64304595193288
26426682459451
50557251868333
68296266049657
25871476302421
3072548080038
67786327667971
40276189410484
34883297556059
33956106974504
17209889011843
53786342984645
30094145869196
11405721726210
36589903440842
62721938818051
56528500125412
6129945227549
11133613554544
29261652054158
24226669807616
50125974345517
49986679842437
39501836594429
15642524851456
331968644892
37086783829847
2027663229238
38458771411384
25542190520628
57033292785978
42232565388611
7820229143277
33775855836113
17128530761435
40753824018135
55336078251585
57994769960408
36061377469954
48258275182488
27035196657125
40157391096192
20630231342256
8881154945159
28218139888421
65611987316800
49976420299321
347717597008
4547998301280
71419069804230
9382689116793
52003141084547
50512613858479
4858278019658
22003311851812
33703102166865
37952044267865
56658194663884
61417856649912
29514809550692
40762749938547
68787910486823
41568715792271
63784473723120
1377202791665
6725211091528
5176216652231
68269049988198
5244200324678
3223993965767
19206342678129
64179381154393
64606164672500
4572031604609
62837246375644
67992724916805
69081967488557
69425600005686
67840868524156
7103555268377
26433092179669
51533348484952
51316834156188
45388487426539
10772206381665
19927585791632
19549293543812
274801902019
28628206370003
62200501127405
24125677283318
41302352014423
7842920397642
47680729872840
42529206989469
13022200573136
47576109151628
58696534884255
60448755456006
37302340766396
32139835871118
38173426602272
54765834000749
57549683258797
5567819984479
13941282370246
66608185248328
20853568102183
50699533268877
48328449185496
67935862451446
42877150102188
65741841392629
58872538118031
38625669679294
66392473415858
11662918398875
27587077771178
49814601552737
8583596325562
11756237629226
68576307533053
52202667049526
5197869905217
32601345318840
36323461540241
64265123133968
26294273056016
16993403201614
22733728239909
2565943951984
40841306152219
59025789437318
18726663015760
12567933490035
59488083590513
59598897289063
36103647566375
9206874777066
47775477347724
24598314307806
60810310034706
4292930529327
56607555573258
60968914177370
49673807439447
21345611888700
14188318126585
53889761264797
9324215665965
441069857597
48208940859035
65850892355383
19227991712190
37449112696233
27507002844942
59143834570681
9461294648549
54897302388352
42156220283267
4891401621304
50600040228865
4696785103187
57150198782323
34987083260007
33150104316522
30742657747410
67932742701142
65984905465236
11443867000209
29545476014030
68478855238942
9021603342089
24885726300446
6160492220018
17779405234011
35761088462275
40915402575753
53739032359462
48316837096968
28598012674494
4254714395724
3548162674796
47114806565100
54141977061892
62997675103498
53284568526520
10863961838688
19963722879389
13811272273055
25810880269222
68930230860304
58482615718026
8833462435268
63865119290470
26659366459267
49629440089168
20415331465330
47244488744817
28558565771639
24221026149002
9300641120626
37018863996660
62348491071061
5029897100561
23930432302963
1103903480544
51127828514249
67873279416573
19244558924419
48085095061988
5744759520972
6935930689702
17558431772522
14956545233375
26537460339264
35276576762082
54428132455646
21811244610862
48581798809847
62108230644748
40802067510122
51026010908833
9151738832143
32356651136234
10937711514033
23121661192558
38131470916320
51503139845517
4059684274316
55467747480142
32223014018224
3825514671311
28503559292338
53838099918999
10939420681718
57567212321952
13069521967647
28115039515755
57476858971222
25760329084749
40856105361754
15936862925066
15091948345463
57622401747883
63884393853118
2754540255671
13583740465898
50796614929925
452162846278
64588085014448
29946622308006
21570534704684
47898913765412
2397536403392
2458244525895
56387487953078
8268022623551
25818020756059
18439410599768
48461855370591
59612522124609
18815828015991
53969774092226
26001845076040
65921130042753
14535648685990
6313316595102
11058431849848
2686489006575
67285967725400
62356789391181
24130047508242
2659161134303
34163070679046
54037763810715
12650193828583
38987613845988
61333026834596
8484912388794
35676951296914
32975668437647
44501054746673
47202406900025
33482673364726
1603691806731
3052442495253
22605951265470
40698565959829
1636073392272
19763200184105
35095167024215
46102116179901
36471342706671
853013033855
54735760478696
64633116442496
25858631884748
48588846698666
20326721613150
24292458684669
59410443466505
31747640675930
23128965018568
29202237671740
40025713534540
17981696307280
334211343586
3656537811722
21525677093410
56572024032916
47908047574156
58453607170117
57935355365045
45557361506636
41276830752958
10601316541780
12128114263490
58244682341401
14471270491120
50266282881392
17440406567815
13791912574231
49917259020851
54198254861946
26712720021686
42907378114498
40873412236167
45746583713014
6581854672056
48640928619882
53205307589677
61155856476447
2179912915009
29240933134892
43523856840976
51313810668146
19642988204711
55860532845119
43143448003168
17908918608090
38842518684061
5407380409014
44672131139201
53933873207423
53887210451092
62873240828155
27788738285432
57975147813858
43726266817267
20026106919600
12158087725415
11945016781158
33176993557955
38125314016597
65163486173025
54365998474367
41068690154223
30377429309328
47385700179024
35437016962929
1548547620023
45926511080377
42449688648081
51944341335752
5410691278832
7168154878514
59717995560351
23691031277480
32574927607320
60924433147589
22549231030415
20108203617024
50094423356671
64154924032089
19809493131486
30564365785359
22235956977429
38157120044292
48671155023688
48027236142713
37907840553027
32659574760122
59538275036311
50129786393172
34625971998777
45114504654028
22211832218291
45095702755011
25474843578889
14319901218488
32395430749107
26577047973538
24296206610878
12531762775963
13855249630366
16715677006904
38728212583549
24103143591163
34218505860024
39654896900087
56990645867568
39826020718374
57009420851008
7359949267711
45194245694038
5907662524487
50280628670313
51273256052604
27594669377947
9570665708729
5417480851957
7727916951049
61325499504475
39124708679315
56139970444190
7620383466763
64548448873303
54684014747354
33524893879970
62351126297235
31116964142780
35583749847433
27176001475120
43568331132902
38724270936802
33258750237799
24046625726242
28723862287016
62245655463368
14211781873481
30434661080048
21859178793819
60728696052689
43928445531694
8780103602660
9900851308893
36418526637086
7908379998758
31970116967900
37609813148957
24385481560012
48006108053265
3949087716980
55057335384791
41993486156744
5030435269292
19500119579452
38454379796683
11864634545724
63575904736500
39482660856854
57105835334148
48767182317030
35694591520035
37355299448483
51554656186777
4274399706286
41997584259936
35609223599275
39687458663674
33936515692348
42549125484751
57848301986523
47760288792791
38634425900193
38425633392559
18215627816154
46261724852175
62481993730571
1974970290880
6586707410417
58700519756314
60947057419187
4863415843246
7700390804955
35071557405399
22265783362119
40151311985130
53246153511472
62026280631841
53770154914582
10366179841436
56154812792510
54692034153736
38520117222455
47836891941969
56845909709781
28395893186648
54458476186477
32072035232081
21831977458442
37559991816960
52216148657766
61224449266402
46198965399124
62659931866586
11064185767848
37683794997737
40638094958473
42244487488952
28636488608068
8553411974615
8393377759297
17950727051000
7494991626251
55597512282438
22171746049921
36673136077754
139654800626
2144381573250
13562835072098
51429621751081
24925029663208
18600410837782
591578819189
18570567765733
18316541921322
42862722259799
45440955404917
4186203943172
53653721204754
30880684822088
10565291980190
20178053229034
9289664387728
1937602272394
1806396215405
31854428076034
24849691096086
15333841487583
30330017772304
6108361258262
14778472469699
30828608314174
50482034066713
53764860581463
47323341203259
49407829157995
55390708074859
27959487427625
51410514643826
47201893316416
31494466263257
39250660485661
22049707897627
23164081479746
616126174230
15838717927530
10007889085376
59809224646552
43592499949738
41038255871489
51444233249357
8496137120835
44021202956740
11062636645368
42611984624151
47784573803359
31952608004782
60563254023200
50597923782208
33299912863622
53353260699353
10365782733216
39879553662197
1450484296980
30956538385161
39755619803086
15024933075797
49802206944988
49047985060425
30342958756840
38571797142236
22088593653662
20234215269790
30023907059670
40166261029200
36573436680220
55292305442410
44156534463001
24402384964924
6714732599356
6654933629601
14201262913055
31744482823994
37818474747493
22240249053564
48007251467289
27534586407189
32884201558699
58824283606081
44919875150259
12474725516271
2339807959590
49489839306156
32375099337672
13893486337923
45990098233284
24080592825824
4625473737321
10095860856795
15596553582654
5192291485527
37857254285843
35935108916033
41123460885877
17316274224067
46286125613674
58881457701273
25043610751544
56754963742244
46401482323638
29966572241589
649091058309
38289781861008
38814990717299
55868332244953
2366936087670
27629387492655
45461303326722
59484301773325
40908736726107
35571789081100
1827918568382
26711321534210
42362954559210
42847090601815
58349641756170
50601420447521
52204333667485
51169085228049
23734505830390
50487975834867
52448456933695
60164437633392
45535823920111
8276220580588
54615729664940
32895758666476
9106406547689
4370889604888
44479241536222
34949178419137
23021807569849
29934807020701
54012178312442
45884506389934
47633406859601
45270734602108
46433713404416
16859000312873
15892514435078
43490806538783
44888818599162
40587434512033
30525264417459
30964414684019
9357245116172
57151508748157
31005693350232
8154058750414
57941913708214
30980096908849
30243725310556
56492816738090
40330965265485
26461080535913
47062372963851
7671531380464
52125055629416
45785115673618
17618298681770
40907864464601
11055055014054
44799899320428
45595404151477
2527882936106
24271410462395
13236531251795
29086893492718
919335254412
15527218427328
25292771810641
51261311898116
43058799612615
17371992527678
5639298311447
25621155589312
54676583725137
42065173668278
50775190596317
24505656495423
