100
705098 867434
905518 642571
122539 733298
161392 22457
168103 212662
943681 193560
629373 405289
884116 954593
969647 673925
758723 605523
71544 614561
836651 857
688277 954731
442924 149198
353710 542392
11956 770893
832948 171871
289874 827619
845660 916690
228160 556648
653052 249171
501034 881021
170970 243553
563508 548347
457019 498132
142009 279945
131940 171172
115304 226958
354516 143996
270121 885343
270802 466370
178431 588760
508440 996324
471410 655453
774780 350149
386543 602234
239175 132054
970270 260388
706735 239955
957730 97684
10341 722976
643065 552255
15855 782355
652195 852984
744181 708593
631483 637764
590467 703363
614779 168921
125223 359812
166581 732542
165882 574220
841417 392510
598831 274573
106043 140179
590956 177655
223824 360759
219558 810093
635601 813158
156683 829564
271255 355029
15078 415866
882319 320282
514485 332906
528714 376748
507838 352659
180713 604554
114529 957734
807494 867394
927770 536301
473291 831962
374624 23198
791120 48481
93193 133249
678437 474298
865746 474380
731043 938961
109529 502216
528144 775069
323389 949027
104186 747585
421151 66031
657209 894502
349095 786637
121399 436350
29456 478633
447368 179597
27584 797425
179160 414908
278390 384849
633564 17603
920702 122324
925124 923869
829661 743789
81569 840709
810854 816767
702653 846252
58417 155948
907107 201572
962258 761080
645942 39363
775383 92504
695153 109032
116386 32423
478961 410464
496737 403408
137692 525140
619073 699826
332630 474005
385226 338236
555882 749734
134922 307822
489039 291161
331082 482581
560800 607927
858878 317308
481666 399437
203063 120292
745624 808133
559475 760972
406568 414657
424408 193018
378731 764372
243306 963407
107263 427193
25934 610468
348381 563841
987270 895074
324537 775840
645029 849910
219778 88222
84217 204124
797767 222204
6425 94159
102553 899150
576188 374925
684890 324405
716922 782429
339799 890621
319623 261235
645672 595061
561306 793174
631325 948990
300913 590743
959991 370693
820097 321752
113862 208505
736518 308609
428569 805055
730730 314423
611748 642806
243912 171012
931495 306651
105926 142414
60307 653074
439332 875307
416305 302129
837346 66286
926810 980290
739767 267774
660451 133262
650828 349351
228329 86739
340602 777034
395354 723510
297957 342791
197373 838114
555175 671899
698790 337951
563885 392457
425113 261945
449163 541952
454984 695622
808380 235003
758627 321514
710858 210560
148733 836203
567038 534467
163370 235039
396460 81666
975807 484993
498740 41412
887525 591828
310727 54101
99952 403874
883102 341742
26628 861247
230527 175967
790250 817204
1284 643268
660770 791003
744307 488778
811125 730654
303153 300252
597223 649869
794929 270154
48546 555094
20183 452022
640287 756459
766180 139673
654618 862233
