1000
608246 140429
335663 39889
68239 500569
707905 623651
104295 171948
366733 213601
375490 615776
47181 217192
134818 211245
731049 573202
909555 952301
612191 909714
730512 600960
282962 311902
65407 354479
361200 865052
899024 122394
763116 621617
64998 955655
264273 756131
336972 662871
579202 565925
528537 465151
843103 153080
753199 21982
793139 388671
407355 143065
462393 443884
731394 34422
26262 323534
948650 328947
611586 757047
380481 95161
364290 320147
898428 904463
251112 811244
752952 761774
912906 425074
917 291739
222417 835497
778370 335894
124142 638748
59554 517483
906344 52837
260232 361333
494837 484056
119552 934931
380024 877296
151365 39038
287404 472723
632052 208120
24911 192073
38815 384946
529089 121366
372217 313057
882347 219534
489687 175502
430393 200058
721155 889017
87398 164960
971094 519769
238362 123165
337086 267498
187788 994756
389255 863570
215949 372531
698981 929426
224452 776051
77729 644776
441591 375985
427874 669896
572738 583451
441316 755220
742546 917929
46894 760180
363330 40567
621633 690713
137972 481168
160011 291841
618721 212809
307800 698876
660171 143057
825060 330418
568225 871934
555902 383332
967769 693519
415205 816610
692372 477410
6996 939460
887818 796060
748702 457288
67963 672153
453009 852400
475900 362397
99064 79516
904859 855288
255809 198975
542287 166090
321327 625823
523849 862766
739048 821930
873908 241191
377614 315339
378149 136336
529149 311501
741670 304819
593997 567955
472980 524975
503744 217652
723364 14161
577727 304075
509836 975387
77092 825661
6973 106336
304727 53860
120083 680262
653427 427166
484199 297918
177270 672750
869441 50669
138410 353578
554418 721347
498772 464235
384618 815807
249660 527912
777210 829408
275846 172130
341795 207413
916869 311146
578454 458807
514258 587091
341430 424898
440031 546920
414661 156750
921485 680721
569436 230209
76480 800199
83958 727969
223009 331737
40028 797250
106459 852316
745211 716122
191558 377971
27257 485975
535523 463027
844829 691261
486544 56594
851122 554304
907897 982064
742932 703672
208837 769449
272696 301583
218676 861567
66367 93871
128303 557228
474497 862731
45087 209278
302706 976794
654919 715576
928431 356808
795003 742241
86652 37515
790125 919002
435313 453608
373430 775332
193266 355526
541338 632110
601978 864372
427256 619214
140627 198569
653672 364074
507495 805540
241987 178184
357974 219554
35911 401498
256481 818920
540302 644321
677368 909545
875119 339232
974310 241700
671855 302142
100373 729349
719637 459095
254831 777937
501157 96582
98982 909970
891512 698622
281236 821308
327319 464347
556493 460130
901982 62079
469069 512552
823571 870984
299889 931526
835653 996501
235411 967241
190616 780176
671683 649974
239315 385525
223615 732268
792679 365652
133578 335064
65686 969007
319327 891313
146992 918523
882372 605661
357396 108923
830050 331324
760884 481942
787142 457065
50076 463257
163381 927413
509964 59875
697408 474963
980103 924342
771766 154208
605063 682511
172113 631201
637748 595756
875560 284819
528233 967879
939058 709621
367349 484712
946042 635424
66172 341569
97823 299152
524854 283215
882682 532693
920354 435605
455325 742879
569783 52784
972488 414767
314264 168804
948076 13725
869449 324427
71973 725213
30168 118863
531784 431699
452718 289559
351269 713306
489926 869002
956349 433376
750351 226958
197716 740167
134674 111818
404141 612813
914597 494253
44626 168253
717288 628209
563158 865519
901586 905178
667404 900741
546966 368520
225022 994888
390 276956
32028 438829
683980 64005
237235 84603
154317 328437
120123 749528
589178 40267
236584 427696
207068 16784
298190 342232
754092 20689
390359 768979
527601 356814
848388 865548
629204 269454
673629 92313
314724 276410
106371 805593
818727 621625
705636 374072
230962 610525
548956 575587
862179 160325
534052 831051
654543 214522
172598 25894
82769 319773
574938 175565
721875 688498
438800 443448
518551 675197
680785 836194
579245 234039
765251 678774
725308 345567
864762 925778
842743 980976
308239 816613
929886 911619
894986 417497
688525 969301
456299 288591
156198 444569
384475 51524
471846 661267
599959 670334
23263 495780
655701 33027
946003 50465
815886 743272
982717 520314
44623 96080
401976 772470
690747 38009
931166 163964
914148 212984
789797 8276
293651 698415
286422 633953
382653 806496
143234 760566
989 414993
381712 340653
892858 980588
118087 844327
94700 966815
411580 590935
915900 311956
203195 779639
18747 954436
585219 347052
508526 522637
782250 608330
514924 650907
356139 927060
937122 726036
327694 354609
229346 834728
25675 486912
453102 541820
199331 90255
416289 149587
616616 444680
38107 154402
734165 836070
115404 326840
965360 193134
669419 170961
847966 803748
387349 180375
841812 170430
499713 93729
275878 344285
624736 872155
293260 889913
359318 68879
607267 806311
399760 915390
715915 366301
450897 900062
636073 583357
832550 805570
486861 404395
308989 266824
564321 778823
834181 177612
370209 887888
277216 893221
530631 131053
471436 482830
368694 120636
995518 166820
651374 258761
719010 48842
526663 877064
938221 51381
630357 966658
685995 372200
188206 950513
698689 229207
992166 466041
217550 732926
938719 842043
958373 954958
185305 786975
258328 9382
341305 988461
207594 240486
649248 998583
664930 63141
889444 404730
318990 35983
313939 631101
5831 131492
235161 289166
27428 135704
607707 880427
889125 866716
69830 756451
512572 744170
371147 492589
713779 836872
88872 882010
541153 469098
748714 616365
806203 482752
375252 840518
496162 478436
879781 224618
528745 173656
694973 886182
169344 186996
60909 301454
972734 354332
546299 994045
638925 817019
442590 292283
155862 873424
576298 388022
812737 887302
433779 926607
446316 824668
467345 862619
184250 28660
361802 160614
281614 709001
258022 289548
544758 305233
358604 725594
97770 545700
663605 442022
134742 679639
827227 335956
361286 678546
216284 201869
73993 167465
212503 606740
32410 126754
283687 978967
546538 924995
569671 637426
928528 106581
727661 508415
561512 298796
472832 594218
964949 848832
536558 22580
470104 843765
457982 259901
42752 491480
129746 332032
894815 700475
132376 376491
445676 495484
437844 755579
392381 763740
931406 764152
275558 52566
58643 687164
183178 364477
476904 970132
827848 546739
347528 929807
306580 376927
306424 739511
543239 545546
502400 398555
547035 842410
236931 775826
826315 555732
446377 102654
163234 725274
803688 857195
371100 31730
58012 931648
854655 437640
616843 37389
400429 514959
46695 783615
513221 332817
721590 450411
945375 214317
834813 698513
610818 5942
728318 676650
658565 490145
442233 21888
333430 844653
711817 693893
376117 175023
940359 640260
428542 896084
495377 123983
316798 11888
185968 971756
972194 10633
445755 189222
34772 303963
23398 818750
311861 919560
314886 893310
73577 982121
514250 729517
737385 7366
255967 115318
813193 748697
912649 330769
733022 943247
18935 223582
699813 807990
85250 783883
943435 774850
761004 458458
918121 714789
769894 949670
930841 621151
420506 628299
762139 625489
388929 127084
791791 150826
777553 554123
808667 514210
326888 980763
785406 552155
204003 988440
256843 697962
737218 36219
411073 668996
605711 402334
339530 383258
334032 339108
649050 348202
754765 987597
933114 925601
247739 855250
717305 60892
638812 283899
27932 155365
536007 898460
774948 680353
617206 195929
891215 208135
578282 591727
906045 96980
123288 274217
659760 537356
757255 242283
198526 964545
436566 112588
498933 659880
63768 829215
968426 36999
834127 683933
32879 155378
290507 426344
893081 666912
822330 784568
545667 199424
276056 357886
996285 654097
227982 368952
531353 622750
768567 673338
557350 776
954783 401170
798489 422785
19014 467715
291225 223765
421244 396858
572927 295292
202526 259696
131646 279000
571847 198117
271390 804606
662499 154247
562420 146317
609893 144112
174786 128380
583073 908967
652553 376412
177750 655718
178699 135035
665113 444928
594244 280903
826685 821197
336629 117856
895518 379717
184661 619929
688826 1664
949122 258737
607691 12582
619041 144436
318058 8888
49787 868667
291049 827182
648198 719655
649821 666982
593949 37071
464497 469047
140698 551193
685774 464617
407882 30263
923954 577758
897784 319112
605184 559310
172149 990307
5072 650254
538324 48252
790819 322794
800738 225428
776209 64091
350336 96677
933708 217877
676722 268011
769620 352294
914227 273562
922671 72412
437313 719135
154258 755365
141391 558517
446798 102548
16310 330342
347805 562996
956634 320461
941649 723234
225537 950006
163667 552158
770203 552927
421459 290974
635798 18055
833095 106253
629444 823720
69912 439666
858939 784456
827192 170058
77838 692287
579818 273661
730648 140244
529981 29256
482652 978577
761988 575484
266040 237571
226999 367617
640612 294982
603782 903835
632032 809880
949799 350036
621581 989393
406287 415895
787922 48180
599217 927661
3693 205641
477604 910719
550183 820624
746803 315381
426469 958858
599444 967021
8624 413610
39006 951384
966204 709426
111683 643355
695125 796354
570965 549507
952728 348529
750871 857722
566220 606516
602121 469274
357715 889487
481123 204682
224893 83225
428566 417942
377185 292457
79717 754558
366960 726315
552945 642357
238755 374372
362366 776124
775286 70990
336675 156531
768578 781715
668580 324704
480111 646790
401620 755488
991301 528503
708404 740454
593104 960132
889373 365536
679345 950794
643241 740861
863109 253139
54691 43164
485578 867819
41092 401404
932037 279709
826750 786836
125531 869191
864942 70068
786428 823417
194132 365233
99838 85683
532229 713216
492748 327563
70811 278142
956683 720086
324181 420659
490481 797718
545024 264795
148750 907818
475191 387910
216306 153122
753606 675684
490651 245153
263118 283935
689035 31796
813530 735728
550056 289358
238785 224406
35957 367771
678840 378742
560596 30643
489209 258563
988537 415601
439124 365308
120111 809747
139346 620768
472478 664433
352937 831003
653358 811269
722079 28316
386511 658274
502118 59399
227441 867776
807762 412061
36121 760657
535030 934644
120557 391640
672314 928999
680533 453340
258532 114547
188814 706992
688088 209739
217207 33844
674596 478877
959020 262006
871640 508468
280725 831613
624763 394409
564391 34854
67263 867374
966897 870315
53509 996815
447402 548442
260925 800888
76398 447398
438530 300245
341711 142262
903804 510763
928328 810209
637918 552209
365531 226643
801943 671199
882699 115632
637634 522490
761986 733432
994784 262329
626982 371712
922189 550088
307652 392166
994639 925152
758205 234744
696576 330887
726821 508775
691064 826701
944228 609573
660244 902345
596217 88216
819153 686231
670720 342873
636108 148998
755555 555407
914683 153037
167172 133440
737528 423996
62370 289300
698969 19559
244921 948822
649525 347572
404624 870078
29477 938664
458446 408988
166016 638739
67058 704591
809132 598288
681889 829617
80422 764961
461725 108506
347271 36080
610226 186111
271769 519732
494060 719738
722289 850359
425348 46428
50006 73498
441477 723691
854051 296944
970136 947044
143790 533944
453461 249770
557150 633808
795652 768406
51059 919281
752534 33174
515031 84786
236813 326054
651031 520596
283242 698646
709809 358705
93823 255204
547622 72213
900625 252013
172765 768327
942987 283182
707252 242117
337806 907306
290280 379968
447210 243170
509146 368492
400566 375586
598339 194052
767037 451876
997832 388686
407335 282699
275333 22409
273891 453107
540531 89711
603326 715480
497593 782054
343023 415050
733161 705235
558886 98803
321645 543231
517203 601800
559126 397828
939336 654131
207664 571336
309283 513313
146333 900676
509552 426739
653459 122670
473196 355924
4090 908448
955623 394332
874862 948171
89173 464808
837282 60221
777196 609867
338770 304519
202490 169883
331357 200050
6191 560537
81584 103781
172029 873401
957817 83611
84587 483261
236994 853660
769214 642822
506871 283950
264941 702507
503042 142310
799906 357527
72672 313998
229268 823397
522730 898264
803073 567343
490208 609698
99017 113138
586259 767823
72781 344808
610552 413429
255061 776128
164427 382059
818617 476464
77312 649870
835922 185758
43224 566445
11740 433575
138669 541221
208023 34487
344620 470161
571747 751532
3835 127833
812329 527580
534150 682303
688620 355853
546823 158598
848795 277787
35583 38380
702738 965660
616460 620017
335683 298009
225950 24439
753160 330575
643214 706718
107306 577763
415535 96217
483946 603946
127596 14458
704052 591194
302795 205888
545627 989235
733690 905442
241299 756463
272875 255906
135150 72871
275192 734805
395965 622211
25590 339651
512204 104562
106503 729536
702235 397773
973314 956450
382566 704903
829017 914163
823319 769586
129158 579366
631439 548668
951212 596380
560396 700421
937876 963229
456651 37129
766511 113252
624925 60916
103208 713546
336385 364891
577154 276881
45501 240714
636584 968831
658915 72721
816960 199482
295501 169976
570849 808189
792950 900178
38234 871982
962292 657888
111744 254407
344888 16468
317133 301142
825532 999574
930926 149868
383342 189324
702040 632689
505358 591075
992839 256494
664271 22164
572221 826948
303584 623926
379152 833751
834226 224798
786583 962330
506215 48939
467857 74412
341882 345269
279822 514449
2905 645103
312159 571900
607352 29276
929848 585192
930676 710541
179416 895424
284630 994390
275388 685410
88798 241935
96405 448004
966821 347965
393735 563280
933982 145235
774016 215374
607873 962938
211990 697098
356880 468098
378287 7616
721773 727761
339892 463913
974452 744028
528468 802495
891826 54347
529106 752661
98458 786107
439269 186520
954429 68973
146174 400926
310394 24262
961800 78564
94340 391324
953177 637796
945191 638577
904964 590705
244222 164370
145904 242059
882951 736064
449544 597658
354679 45073
615202 369694
386867 558957
484557 51979
438054 949354
556516 129846
692535 295954
741903 687646
210940 531294
473400 982210
660091 956272
621286 474048
51401 913037
927290 540892
945496 15978
708569 439167
354491 603670
871551 555704
14194 820233
939391 93346
69159 414486
264177 225880
281603 771917
456077 8534
202635 961039
495909 172508
906152 751207
484625 923031
967812 346094
458422 619576
764886 735385
591110 976019
408180 595053
407545 558375
196316 866661
168917 711328
975613 999851
374311 532953
269178 568205
408527 957245
463857 70835
958287 839433
726270 155207
478434 930840
291265 49691
865494 527468
260540 678998
317302 593633
214612 65873
722045 943601
67797 645429
601664 585652
54489 909344
692312 196967
947826 977219
478074 766210
154467 381433
399576 208206
9028 186342
417027 943447
752588 844700
622867 255292
180491 709863
568448 307673
131985 223875
980690 794074
671902 543077
95287 443385
996945 14012
941439 977498
934236 401440
454129 896520
528838 962066
289693 456289
753692 505974
502626 473833
71556 511357
608992 254136
280652 631110
136906 141403
320838 25919
361819 38226
725816 239683
429062 911294
659102 260858
416856 655037
832162 414552
299070 237273
553780 133869
945426 205334
724841 860649
518604 79213
504221 950497
736166 349145
977775 81467
742918 584037
669990 951178
195551 333635
948749 908723
344929 326764
377987 977732
629355 397739
909784 780320
441562 589712
6469 410413
130652 590105
765398 815986
396601 805883
954377 710522
850566 941882
628398 743647
525022 312110
82179 793469
781555 64237
245272 960523
436651 221163
151344 344774
686554 2806
20593 2400
972964 866864
320248 91163
299539 492507
467461 474409
697062 713018
909668 217650
583566 630126
553207 835573
313804 457701
74180 661566
633314 56872
50066 586503
167051 28056
461504 404157
982617 943832
392807 4044
54470 571321
825586 153397
404439 580884
188245 990962
485096 845232
765511 854539
98392 150200
11964 473519
46440 904312
647610 967597
636719 726313
40432 563409
137203 941530
158399 416916
512307 745101
11695 201833
415955 23979
847546 173610
138841 226695
855788 440600
836657 937023
122363 175175
91234 852132
2645 796106
685240 781387
718692 959398
401794 72741
110463 416988
209209 683478
427112 428928
482282 695306
785415 417642
40107 532553
154651 596003
637570 948042
268584 230939
720067 376611
387801 354050
731279 525405
353594 940771
246134 694587
630238 733547
119661 35408
166562 928186
652364 921432
192558 255699
745224 570365
805105 196713
553625 58194
146486 260886
822975 674491
703342 227240
389566 932353
590530 666700
415291 659551
85328 788105
874382 934971
199141 398501
307266 871201
976430 926325
549576 354489
55235 171056
448368 36950
977920 294114
182246 229391
318123 215228
927856 512673
189736 7760
802754 263188
892809 803188
490756 443951
963334 413575
848236 651710
845941 690063
303686 844011
300713 727955
404984 233122
772507 331549
432228 427510
846147 608909
44023 285732
328455 261012
937033 11219
174282 390606
815464 536356
817557 310499
740102 515242
106523 769834
808874 423398
231336 683965
207298 207386
994259 915423
547905 190678
436240 631967
183740 557760
764108 817061
681338 700046
766165 282344
828148 16706
326402 305514
254178 157983
621257 817050
846959 81508
695460 997533
9793 572168
924140 861704
474227 912629
514626 160761
922354 148577
738448 320532
655002 724952
654917 723374
96268 931809
823677 311229
874951 449085
62069 453096
429187 744668
756273 776981
555972 272675
257048 421072
448409 312315
686794 79941
201801 621461
572448 223759
37083 280087
275925 761077
148419 429435
798703 461703
550975 78816
645028 509802
100997 775799
361071 223667
726364 594187
384275 448125
160007 429677
703593 910291
993123 346143
556840 203053
35350 516420
296938 156439
216424 677254
390400 682637
128134 366041
405397 57459
280773 100123
214894 151277
760977 757474
793528 361687
196951 819260
302744 381183
236315 132979
94005 804502
90806 671708
421172 630910
796450 293360
505037 148307
236717 981398
951192 24121
757006 583361
833896 187894
76178 605981
419543 952806
521178 122878
652185 520000
753343 762586
687275 180427
148864 844194
454523 551990
109130 668599
810615 715028
466045 124389
427516 243331
512391 533742
36781 837311
993621 1357
458172 383643
244647 674538
729642 618748
175601 708201
598943 792210
497568 654409
549199 858857
246603 203979
95170 732256
527827 904666
916123 108459
210034 731949
718320 319748
524396 174083
863974 6988
166182 805162
264802 633087
908339 930825
747021 556463
66676 477751
986668 225926
290194 913569
383671 174630
419369 238951
785192 259517
642056 310860
451734 448439
208818 170712
122186 686976
100790 819137
875937 938102
751643 813999
268781 19616
566638 171772
381880 376510
644073 184072
39699 461256
569602 227273
54835 432430
997525 26113
612684 610291
78 583081
892920 608987
531810 641110
582482 420800
560301 54129
345309 453294
129183 850916
118975 187260
180681 368149
738593 396089
805282 148938
424338 620552
628843 897949
428464 23535
224777 273350
708908 647999
260187 859173
598025 298316
847318 795155
720072 106417
813329 890597
30211 379582
757804 348433
835726 282851
463100 770441
365187 978181
735162 916698
781859 752776
355793 849063
224014 294609
208304 378134
473020 414913
989966 743043
475746 903496
123342 273873
882520 102958
78808 895388
479139 891600
719769 987894
853358 455579
847544 77366
695432 547933
937933 304898
280434 776305
430114 185527
65774 563571
776445 668417
921436 839734
2756 767672
337020 352827
912136 258686
707192 507371
840240 395371
361638 535841
475467 488175
192480 283615
624309 762149
260088 846209
169720 52382
23788 93692
164946 39704
87611 530402
428250 228034
24426 755302
369966 189635
455389 424137
361266 355001
143222 553954
442592 240439
58254 21543
445594 5213
6553 82869
332422 352864
360012 720649
329430 780614
994782 627907
176827 476259
286285 639154
108722 768995
800197 934049
419694 140276
83488 472625
121049 699884
354791 336857
809190 986310
237811 752344
155083 18061
292957 294444
704088 465352
707819 988909
335052 599148
130423 643292
265411 26952
909549 505469
562807 276379
937486 318866
698830 530060
520389 993210
88372 322751
282932 157351
92480 682944
77676 614194
247319 970455
592975 888733
942114 448788
663260 119449
30096 204232
240827 501319
860280 523070
233481 930980
450152 971308
750196 529993
503907 259989
965677 327400
271112 689880
523314 573107
309047 18915
529817 639278
566287 127311
866658 419284
964923 708392
590329 858545
114000 408342
865383 689084
313826 198580
343704 426319
350855 263775
186411 711183
267965 564092
21152 142445
47635 514199
657185 594486
579426 413321
953439 37719
697175 26041
377050 24765
139550 135995
281557 937123
904563 259583
301060 941568
16467 328932
348128 307881
784081 462047
626617 498990
986687 127819
929156 936209
31185 886673
949632 949675
863857 714088
598880 41732
692816 995580
686148 314520
723452 406561
92529 486222
332861 723152
353427 875842
119036 747363
782252 774682
814440 498445
5898 615270
823861 353101
538320 783828
497238 872432
771501 691326
206514 648117
581059 56115
918472 854964
345251 715056
636166 699092
236584 734953
550419 333201
997396 741613
97866 866276
899935 337352
622972 45364
406586 391103
95657 272915
81396 266175
346699 315067
533044 276595
392511 268506
419982 583313
420322 730717
101453 197647
577625 318452
9795 733554
841548 920509
81011 535013
969688 122285
610774 416421
383431 789292
620756 437907
32446 530065
259734 44823
72465 905359
483047 5314
500292 180298
691152 78680
130215 146780
959369 284089
570410 59309
600467 872603
36944 291227
50249 819619
124957 832168
470444 966286
183502 371536
623563 863250
664599 382376
652505 940705
419970 185609
121304 244455
987611 724706
913878 481900
613905 475886
113678 1497
388013 928889
3659 656668
119989 560846
458581 330268
985540 475736
725716 194383
488429 835003
810633 292613
423906 341634
965086 626973
210534 819109
277510 643421
449988 198525
647177 415108
123106 726274
383909 220261
245575 728247
288005 555811
578508 216508
118652 254817
762381 911512
125342 780640
188481 798633
13471 578432
410098 485619
429921 832785
814427 51554
470975 752664
926664 894997
647406 690412
582831 927114
954519 830312
105682 181410
850500 985364
789282 180830
871386 310130
951466 259663
918982 165840
155402 26175
583154 206594
365241 474855
526651 456288
704572 162666
958777 446484
367493 29365
44293 305906
568624 456835
18999 925601
187165 56999
952128 85730
187574 274966
169832 329912
663645 618718
395117 944453
312536 822342
748452 141096
193285 114903
540338 513396
878361 473349
157461 627369
887672 112845
858305 765841
694977 489849
732502 123278
760931 447274
994493 109081
956587 105736
575222 438493
402303 481668
725388 590464
382506 409072
854018 422193
154453 838906
218673 669865
883409 395919
14866 119820
734780 738821
855932 564991
217259 197271
278892 427733
121199 688270
744325 696830
802658 707599
862794 959659
697930 25305
599111 744047
660304 1858
81599 690187
633883 2203
582685 470262
884396 582261
960742 179610
937015 854372
50726 905150
986760 675848
307612 31692
85784 104549
706843 777210
174953 473408
391080 106172
147025 565431
973151 678108
799256 353310
399107 417914
634773 869609
130052 809245
648807 26013
641073 415595
755694 262415
309446 434423
913 811209
259021 332897
326507 216149
374115 452965
82377 845652
31302 327862
70658 242561
585122 15621
808376 220680
511087 605628
206584 284635
570859 211066
953417 235742
11274 612851
811843 699107
78689 310515
478254 258951
529578 188474
512332 339603
286502 599460
147498 302447
287260 582184
168629 408196
919833 859529
508188 738222
791531 726145
47468 232018
55967 355911
730700 643712
11043 154419
548358 944962
960942 511514
659406 201499
112439 640258
123980 439440
354064 670147
799305 138892
338222 480033
370567 381685
306989 24209
351199 701527
549778 404676
347591 718902
837259 451927
485919 656892
120974 619647
75837 278507
881247 888431
190774 248303
59082 148870
163460 564079
410987 999125
57179 980147
492110 884152
941509 828927
538938 725281
635462 210752
322939 185838
700264 792439
43831 527195
663302 116455
348020 118607
112558 920778
317257 402036
731238 242207
357195 21273
580450 714216
221975 349910
197049 302916
303927 188504
836271 880954
611252 829827
127369 725365
77529 46996
174743 529885
869274 394548
317233 809924
977846 248660
682156 531857
908684 496777
317169 304792
433326 523082
371694 638922
430857 236169
922464 376312
545217 125194
711433 329569
774204 112249
989234 16900
836031 529706
761837 613581
10622 290444
628730 491502
886010 94269
651289 959429
105405 955172
246706 594404
4644 636753
91856 428157
438471 443482
964803 931541
789774 888493
401775 601828
618900 753945
334467 959331
999907 840844
311201 444405
975802 248031
356613 802649
130169 143593
784003 544125
64015 764755
473721 915427
87044 848420
434432 588399
373711 494930
189090 236120
979582 232896
441190 594001
236630 711469
871315 448998
586157 833714
21618 897547
725839 597998
979807 677850
230432 648594
35888 108573
623248 373239
360059 292376
473176 249719
411119 986062
10291 853990
914943 614166
675223 58169
93441 109585
488859 990349
689861 247749
979659 504447
237612 271568
617493 179142
335609 587899
637622 784061
369352 712868
345144 498740
999308 381396
888568 387525
848481 277823
201829 756400
575213 253331
516470 53380
577788 977358
398662 517629
252632 764477
881200 467831
628859 323427
794601 607840
211755 412404
374243 468786
3992 814619
376592 847944
760960 527228
17970 780744
698939 781165
176104 975565
954151 238475
689611 757684
458233 416776
258780 210350
341101 957711
538548 24076
617846 441632
875395 777322
791576 999490
883834 343166
539932 744575
655453 739461
759745 158337
460162 314579
153206 571133
368566 799092
93427 630543
194134 348325
411461 402661
204816 403955
358949 130770
201905 474363
818539 994243
481708 994081
455957 985159
466194 991909
492790 251597
88932 516888
228672 522691
102787 708394
606246 547193
799437 141143
853932 222504
224105 522877
893799 846950
110105 733048
610086 132697
617033 240300
239035 208063
599291 692555
616326 504450
500608 44312
57605 109698
304638 201702
406497 416177
879646 82820
924533 64976
61021 579534
463067 308453
447716 707429
7028 304874
968835 134615
221764 978106
128050 851969
965349 708191
628914 570824
317797 121896
555312 806236
503846 734528
400248 471934
793634 524840
500174 621134
367786 93319
676670 892501
718355 225356
867163 777584
527719 189415
132520 460356
426301 390380
196978 52054
517915 45349
82802 824648
666950 28042
652434 360128
430644 337788
656679 49353
62301 739572
427589 289200
690214 953636
151272 274991
663974 820168
665249 882249
361558 156720
975377 831555
260855 416281
451055 529917
714290 701066
653256 103437
515208 3353
280328 961715
327073 716927
459857 651033
998431 556166
308848 29973
845071 740673
112525 973238
599389 433813
677587 371205
677510 688183
1810 286839
495747 234080
636541 852443
734949 416876
134490 556885
497616 606366
583749 865937
898272 927230
263584 123948
848639 737529
823846 384695
391169 985323
394269 423162
325892 40426
227925 188125
919524 649659
605820 614136
333707 199433
148235 910691
730948 723152
795122 353755
857636 170222
645198 228665
612855 766504
251205 756181
321141 431631
246469 50168
682078 774611
95304 998353
322730 372438
138966 945807
493372 402418
775764 758484
229686 92083
644939 224093
415161 975924
883570 178519
508033 488508
607460 381950
872809 532080
445982 641371
464659 438991
104713 139619
454071 755593
916030 289596
551814 4986
321025 149072
566216 399429
286256 346575
989108 659793
192450 322681
669109 23447
867591 488552
557142 746855
233975 502895
118919 346859
129933 363738
62468 940615
39629 535054
942225 911887
502748 909641
944436 394630
614775 329995
887292 650921
944288 716295
