1000
634375 578054
886473 521050
645707 662165
711481 470407
793365 387106
326710 663783
327274 722431
294852 283416
843340 416504
627775 70462
300529 496805
935629 873843
789421 272787
70369 219940
171387 869015
248142 123788
771787 626975
341594 630313
406191 140021
248437 820352
14398 930335
607172 432724
398336 192221
815684 691987
73473 862996
674094 506033
167565 506379
28917 86206
52585 219549
229455 550557
398394 45350
961049 678287
832379 796999
322840 953588
399835 729346
36694 571500
432676 339548
733972 798639
403797 171785
72532 584231
138442 51880
238498 661114
731284 739309
974174 345957
892302 361779
265944 494835
53554 891829
440150 301698
654017 855184
993769 174611
20943 312408
397088 972886
734301 645073
965367 851764
797570 739378
243985 99189
983557 978045
327354 291848
508881 888923
907815 334493
734865 460124
965855 53973
589220 93874
421261 491959
860197 669354
301355 584650
477441 510953
858948 787318
909946 330818
643470 153778
720219 163597
46046 375130
398908 184673
838879 929690
261953 394201
349197 74462
92608 312947
656991 515888
999726 581003
829327 518103
611701 948349
199137 438077
674512 855690
263085 800615
230271 827959
668530 528211
978428 617519
873821 946182
88005 198176
761686 561435
521098 486141
887685 360555
859476 838406
480073 330654
310344 619018
237490 961450
138545 639961
566568 627837
309611 540669
749947 491330
381648 556685
52836 182378
392054 100163
941305 137344
978257 919929
790020 730350
719753 241258
100088 319033
617173 575495
534558 222038
839661 370182
804590 107028
557360 54293
967359 778174
656822 527529
953585 671553
723532 291288
501591 739954
232153 807918
5145 620268
203626 251584
26466 600386
746894 227892
550254 435648
424988 908659
296428 44993
117059 300965
368857 85323
464702 200450
837657 975418
583376 531325
21892 393320
698932 180581
342567 601559
967293 560996
836465 386922
80412 224570
658229 995118
140659 228249
367303 79256
561583 308766
388717 425137
777870 488503
843840 169217
730660 386369
885627 72325
365795 247715
403848 858444
488096 72698
249387 139763
825104 281888
907155 528673
251478 134416
128770 217725
872509 905052
397977 519372
851644 6494
576670 854692
108491 142822
644108 589371
913858 809861
998952 911896
628668 978640
218037 621213
649731 182099
70779 986805
296656 227664
794852 770657
906252 469261
322960 419485
903388 380740
184281 626414
626495 671164
514648 199736
671218 753595
151990 452711
426519 370443
464169 633279
409655 482168
473501 415451
989575 797431
241053 608538
18417 636848
239053 105112
929198 399144
281435 667377
574952 421594
968844 799641
830192 889711
140442 784306
405962 788247
39292 621186
49743 243548
49533 955810
303991 436338
486361 609901
902154 865093
993630 443767
69889 930913
875165 48660
572809 421953
269414 687196
351563 826050
152639 270123
610431 465306
560416 981174
38718 687318
112086 885807
344684 248027
844661 169607
280884 165524
343663 141603
206162 186144
235447 141982
692813 957147
157077 107055
575328 845783
806519 840613
843277 508575
484975 239469
774686 632640
402091 977492
172306 552682
858799 419276
301682 271629
406756 905306
99369 620403
129701 262997
380544 964971
243086 299333
114950 291463
264949 781990
980733 680208
324276 945224
54515 869651
427394 913819
78137 638021
353211 104615
793729 936835
763994 260360
654877 949640
120417 746803
54911 71185
981084 933273
209155 14669
503148 470086
904458 135999
952786 901462
357050 829425
262641 717183
767509 846564
137302 723006
507162 359928
401107 668716
452572 827155
203822 352848
796060 964434
545778 449969
430165 605745
363371 279184
36872 557330
767118 43165
808126 269924
461402 340068
194504 961631
608554 117002
365262 941109
339905 851921
587085 610462
581243 631716
464204 126379
253282 146747
102185 812566
972182 799653
854672 735414
824500 42956
811778 924335
569436 338200
646739 148271
680257 981170
213642 181759
614133 184312
819045 191649
515928 150366
37660 261577
689940 471532
217664 687400
47234 726022
900836 41391
172390 324462
329334 776911
673793 508336
792879 543238
673002 666680
428367 422788
522767 610175
235395 451875
238600 573186
255530 196281
679280 432774
297209 393001
594673 611034
416690 660668
488346 324899
658252 414505
638885 870713
63132 99243
272785 701847
615005 307653
11241 614862
36674 691051
929880 623995
490146 93192
399665 901368
593708 43916
137773 891425
214185 814237
550268 712623
827162 897144
846761 833536
373421 833563
595518 373393
832439 883014
738974 765000
433137 517545
673107 567856
306788 501604
457237 973142
639489 754900
841309 213111
791706 917605
900271 448156
514755 32433
501843 44174
572530 994155
667942 373722
787763 162988
994252 419463
31681 335791
967390 163063
16629 45933
610732 262722
30435 298852
335423 665537
150047 606388
525113 428211
381064 336480
956939 430560
216750 144137
357718 916252
966995 522860
379851 791736
144252 845393
170668 17061
174497 223676
744591 814090
82448 890648
386497 789679
640245 938438
245175 39759
113584 729707
537687 97462
283134 136515
639302 733251
516851 227071
751229 505183
460588 102298
678177 752938
15197 343511
586313 662848
493513 549341
755517 134894
237333 727638
403360 240495
91252 341190
176279 149147
84998 380507
269436 71093
236766 85727
297385 25272
840606 553721
372239 554837
890419 853001
831529 837598
11263 337458
765847 298072
434357 746989
887456 519021
800261 82463
750325 717890
899188 294619
899472 63765
831281 649489
384525 889081
710595 758544
191325 296116
634836 991421
519963 598680
802813 876307
357120 316504
285591 693139
396804 659328
381835 291559
118875 517251
70979 877367
449983 262530
11659 9411
259208 294781
835719 984912
296852 585401
775524 464248
329878 74077
655448 951945
243296 826204
490972 513305
812385 124888
196143 517230
225223 919991
404893 506740
542758 130898
665060 799645
656306 316530
165337 726090
962295 592825
964564 839456
648931 106232
831488 164527
104625 310790
780436 798298
790821 749739
780831 83149
753873 792036
174115 91859
156673 258872
315592 363363
882996 553842
118652 300108
239352 397093
713659 963275
774019 188869
688461 283631
416932 839335
469944 345364
69807 521718
578596 158434
174147 362367
593730 912592
642612 581214
263202 991695
693069 759522
615501 600203
107180 562760
101815 564798
752779 383927
404695 663476
919614 234049
399558 774668
5645 84954
149447 574936
820836 800110
29599 53249
936118 433259
694126 509284
890239 169711
442867 818262
590863 869194
373521 69607
343892 716194
358308 176004
686269 892745
565072 685947
833506 462963
486399 798586
989969 831590
363201 181011
560630 934401
53580 685531
247111 359826
495652 367222
157345 854502
833867 509908
876841 324908
519032 178225
522185 699457
845795 317319
153569 465919
465276 927378
154544 596863
440738 237416
925593 34167
149796 794019
109893 986749
136476 999035
874936 547860
408914 373137
44932 15088
760544 638167
579109 257785
981320 75406
918461 833719
531786 964847
522 458858
417425 617952
463394 462760
394815 27982
669255 973090
965018 73122
324042 405060
241370 618692
793217 404354
249933 518480
428542 110382
587313 265607
723731 347120
941154 951430
453387 752303
464771 442282
187 980052
135037 96136
82063 667277
327920 594228
328584 163896
515047 661199
378286 614600
631393 652276
908944 323024
114572 622000
59113 229824
453249 408558
603357 741022
10261 718600
33375 315693
546903 377112
395645 423060
357541 859056
109669 773702
718253 436691
908539 346706
360842 550133
588048 119345
428354 924977
618811 27876
136641 761363
133522 918656
632866 859045
263122 635097
940806 580445
812919 478266
939372 156606
566291 64646
303667 169632
667882 869394
808132 466490
472143 893270
582007 689874
429798 300541
82978 35751
654124 245391
830123 442826
936040 829729
718763 881543
432623 372405
391700 373453
158175 393504
998543 296242
166389 186405
630201 181057
658977 551042
402373 3862
807626 325892
324183 687879
592270 576993
410698 306071
548498 973743
878401 332446
798371 480176
562108 480448
50528 955708
356887 441602
444226 916424
586718 522871
770969 503841
999679 276904
86888 972253
701970 737231
162395 252133
46688 515068
36807 508856
837438 509596
116052 701021
643703 810281
560445 196544
967134 701273
248676 540779
311342 924171
711098 503756
873817 783391
696150 639722
744666 789169
24757 933895
84905 541387
974691 275247
184703 897796
321491 426031
706401 98987
283653 222973
371717 707381
71319 980829
732966 34103
303943 136235
252398 606798
586238 772255
215794 143707
385714 125613
798225 724667
224855 178178
275426 424378
953359 389761
612122 566563
302280 520884
853582 929574
912873 155280
658079 784182
414423 636869
736299 554442
671580 890980
721812 867641
387279 970151
827583 935068
382974 806404
490738 962809
37663 963502
359565 589435
660420 608799
57711 344366
347970 214323
848355 16890
514337 391001
283906 403521
472381 453557
787381 273068
813713 240330
295883 811414
688780 688905
370419 162092
826352 772285
913483 249968
480355 990923
407057 325502
309561 195688
66757 93977
940763 74540
950704 825170
287909 53107
170946 338146
392739 81096
546023 170651
838774 310693
167837 754331
424445 323979
886693 451160
232346 32071
880772 149468
125515 838900
624392 724195
566072 225799
848496 882070
735262 964213
820785 678736
564551 928202
990337 625902
962186 271593
379305 610797
358362 400541
822631 970602
731757 109047
415649 56006
770768 274928
177063 660553
654541 399642
711825 540358
230504 73166
147064 549018
632215 465536
683456 990680
522280 152015
892622 961277
543169 485249
552874 278983
239059 518841
203118 314888
18488 13660
725107 216887
969611 266834
554030 149942
177535 411430
393229 197375
280344 509444
751598 597845
517843 737640
335984 650371
476517 417192
788860 8439
404525 348268
592494 819716
570675 109872
96756 467000
815196 869454
926510 208416
482561 374411
767234 184410
530476 4322
472982 779856
756290 801212
113854 370812
246420 837501
545931 673796
542072 490198
620110 424179
286177 447582
781129 790579
947985 805092
509974 248281
475091 648246
211562 289650
547801 43439
689199 447169
506834 40114
298026 103971
327547 230475
360218 638144
445738 691813
571344 494487
462643 482167
475074 794603
946929 294814
10191 806778
919799 197943
582667 481581
654180 542892
427198 782010
916489 530871
904734 838864
243998 347361
389435 127247
265280 129489
842228 470707
383802 80673
125180 438231
555998 509369
783420 374820
734097 260956
196106 257953
149268 810349
209448 563216
96315 765187
613400 73206
17244 925700
34195 135199
702986 984650
564036 497233
890254 498181
471051 358599
247269 542202
125857 351291
418946 596250
243292 894694
56873 476532
88109 997117
5528 672871
763860 326753
112388 873578
633757 403976
949673 851505
69519 344559
824400 630176
193376 780766
971987 200286
746495 145250
196981 280659
802362 379581
942097 716427
629427 18686
544217 923457
286139 686530
592172 445305
623656 336071
757538 822365
964455 353275
310816 408651
248931 133575
26229 112694
917221 934054
857080 514310
15061 818914
498302 134455
297706 649854
556343 449054
607866 23354
455008 621714
912018 453387
656924 342422
145331 633304
272653 497409
470330 954880
781190 701510
819925 602485
229747 318192
423450 51999
351898 66023
784909 657905
416689 156466
672981 868967
860396 794699
453964 144780
729773 318356
61908 479338
732673 513526
28539 525437
448745 88610
30396 455774
78105 150566
981635 658097
819610 714717
429970 461333
958320 48426
906918 8156
139522 436586
418024 898237
194489 135749
575850 205272
72429 344110
952203 736625
379757 113502
574941 397812
647726 187027
103756 898731
102629 252621
610467 371768
649882 83924
535677 694774
273085 667191
615220 324039
11277 300105
236333 602917
410143 464867
981388 703829
386947 408833
604966 530303
741898 801743
542107 380929
544241 456418
519214 646839
42469 134027
504615 378820
797443 616505
462711 426244
207822 730927
283195 417855
72565 456130
437882 565079
592772 253913
861021 506712
805197 240896
741461 76434
819372 605397
823461 968767
683377 390151
276752 242557
155148 985987
193810 834312
391320 636573
531671 23675
279944 405856
15200 36884
975417 937933
284384 1228
755250 714932
765462 942902
245986 925334
599034 139393
635836 242919
778716 369136
503469 907778
721123 370796
536995 137842
215531 596267
119598 442129
703587 386888
412326 653918
575143 461209
387911 918408
483460 361811
563080 395405
639535 107625
406882 52373
471919 577945
554211 146507
637940 721619
358445 173012
533812 848828
880497 130963
949711 221623
145863 371521
164690 668079
541108 5087
671747 996941
933272 339858
386483 213817
867979 465652
402035 737790
125735 387083
993490 808247
821564 418393
698285 386450
189531 621048
762386 245569
346721 669630
980929 604166
373828 610098
945168 118079
660636 657813
807454 486004
999196 888288
981022 395026
933530 833630
509824 203472
302653 806760
254559 878454
455426 226023
990024 356642
964112 890797
779598 340715
107757 513279
783413 969798
356137 500921
933773 167803
702696 456213
748261 924572
864910 768375
876184 254121
786473 232180
525721 698861
547060 14447
90134 70998
933605 495481
3497 111793
531209 202346
556106 85254
649547 958965
851421 190305
935076 2097
293593 90554
637362 825078
314220 139271
377566 257528
206930 506443
400582 375231
964386 821720
787477 262552
475910 823900
251739 470623
939890 426593
793147 173659
579525 17439
608241 858564
31461 902684
608536 761951
367907 47262
268038 302519
490947 736609
529705 429817
907211 88726
674538 409817
111136 963249
490781 187160
703157 553558
336445 291744
614650 698432
853164 886726
990776 295406
311789 797534
863931 416566
558466 663342
108605 888835
739183 935845
242611 969853
771987 201087
612376 799610
10066 768182
492569 719464
830182 939791
692287 842905
496285 211022
365559 404435
367833 436353
366255 667341
95526 663121
623755 719137
496718 88500
213637 987951
683207 230480
769699 850621
414935 210829
62200 603970
260397 949868
291423 136909
564740 892765
914053 50176
416405 743789
519943 781610
888961 885736
792566 599222
496867 57264
312297 758548
77661 782748
10209 690497
507701 192126
993404 238575
890050 745891
586644 730663
162051 890246
298283 589154
331832 389607
561304 974102
625249 424814
195770 991652
107227 706026
94525 488053
458179 79350
637628 415081
784557 791742
890413 718451
141644 31537
544293 661654
667130 59820
578178 705840
665790 349918
980800 145081
406799 41582
822387 277591
780976 567280
37555 803075
444555 334769
282793 124749
385167 33802
587469 892847
620440 254321
147067 751486
995217 26992
522741 367310
151764 907593
913729 966799
599191 713035
946383 777370
980759 943634
287671 630147
37391 523755
362189 952486
502950 86327
694200 842046
264421 780427
392410 901325
686893 830206
637062 950109
258079 180786
996438 604259
279347 59175
356216 71297
943954 420288
471800 228215
682105 132223
996112 456087
550696 296949
520964 653457
182631 2534
635130 354030
25442 150187
156734 657484
569302 885999
709942 891643
750624 807593
227083 181887
673753 904835
129619 863414
599463 231073
871434 109400
640666 524969
136778 914994
762826 11933
328398 937786
960357 11253
968913 526467
325953 331776
874516 855536
792293 515957
343640 226279
561299 189963
915732 74013
289381 536210
977778 925827
142115 201677
824870 556393
648068 768078
474783 415115
808568 89378
19534 496109
618763 529204
260881 679523
432773 597770
951068 74972
384819 387112
558869 861672
438804 792648
873729 683224
297571 234720
422145 741686
519273 344964
402568 164274
786223 810575
495339 850393
451843 146695
556049 171910
878470 683474
454222 514433
640053 340246
221260 336889
84426 844047
490503 342920
577999 447243
381124 700953
840062 435213
132535 465562
126835 281162
866960 157675
826733 289460
708917 23577
557503 869880
162248 772498
930650 69734
380903 146121
528044 61185
805466 800543
227575 630860
820582 268069
613778 237271
71068 532261
265303 686800
268462 108482
697712 747955
802340 53688
569718 938121
619363 419536
592429 517932
724982 134348
634724 232365
677126 74927
459037 354646
794495 20780
687790 556338
114340 612913
829453 137757
526291 29590
56759 587105
364037 855922
308766 976448
389046 303841
86304 489956
236523 205928
556947 868095
678604 465202
470808 448550
170463 54637
178069 885852
388058 43619
785886 781960
226729 484536
822051 837643
709843 316979
402166 94755
320569 378990
826954 146518
646142 991674
391182 690261
816730 936327
820518 729055
173895 841839
294617 403865
169607 684009
828571 611745
761312 530653
240431 67991
400525 344744
739379 875023
51799 469129
410008 188419
537217 784030
271606 952623
475147 313952
621604 330703
901133 575202
722634 524514
353974 837648
662354 888612
839475 703688
210916 685260
980544 845628
686745 262778
562898 636437
52927 187579
113783 693989
238442 454643
407275 945356
852645 610379
445481 137976
969569 249514
638603 186554
617286 245614
880250 160926
876797 748232
98307 633131
501914 440685
812040 908753
859346 34597
292369 275479
983890 450859
840191 522085
630512 425449
558529 880892
643025 782683
237891 520727
711796 574773
723788 480619
445109 493364
348645 885547
919275 874203
463515 228602
445475 396594
621483 98978
903848 349162
602118 419436
960265 855117
287349 597443
539781 433689
686001 579594
307131 646279
124968 599929
30551 716891
37789 125441
458703 354866
679838 890371
327046 581101
624466 328636
611175 141578
745511 561814
403357 401312
557822 943642
458598 305191
933421 178429
277836 674817
819947 874270
617692 352401
401331 294278
1906 517312
253306 911994
43706 575337
118215 970850
625451 756965
744557 872296
363442 487018
797355 481119
302420 736299
469714 851736
332965 255092
152743 952638
181721 232078
188633 153540
764254 36496
984258 400226
349505 17111
923188 25616
150798 457366
501393 336132
687906 427133
801749 127132
649231 392060
956034 695336
370636 936999
161580 972225
374325 100061
206264 307754
507656 123331
95451 128567
325464 119373
412186 597469
93689 486008
825271 20446
721275 662232
484797 134525
46759 959938
891600 90001
175997 832686
41633 58313
256011 207554
906760 703066
369831 678082
88211 210213
169121 669661
821093 317313
375509 161478
50042 179111
620821 324809
46448 736231
951173 828837
708176 838436
491979 64898
405358 855159
800634 271449
416451 380339
597602 459043
98308 619287
966927 771452
329964 667149
956425 753030
509069 208781
977270 706424
233318 298591
948433 474894
203555 195593
399142 371403
830353 317820
155360 563080
750687 207649
82199 714091
581955 407899
226419 879810
203821 588380
582781 92509
584525 732028
450839 420496
364946 940119
483715 979130
523431 870522
306619 771775
119108 8579
969149 21994
901554 892877
919476 8790
140996 809551
662365 734830
121094 829811
220609 813300
894455 132711
711615 371309
960099 92172
677389 128439
724492 35236
884264 570105
467434 336499
710316 534561
704336 265403
114115 204906
258148 823409
154790 810861
378736 271016
641951 32962
658495 331216
534702 803922
929748 470121
920746 898899
873840 428083
908663 636716
641999 419714
744755 274118
516521 597158
851350 791149
313034 526486
24209 466031
135996 140294
696722 46404
200939 523728
774309 585611
666434 820015
698221 146894
73833 684711
624607 604554
855525 632751
789415 144959
939099 211422
568898 395566
899439 576135
154548 295627
982564 509917
183457 546928
107667 577468
735803 966632
693174 4491
86102 192498
285434 393949
730466 111782
525344 420427
304216 666341
165566 72353
314581 310773
776117 579802
591782 660749
604559 608258
657330 683000
923641 234233
16195 134635
197734 232818
178033 457031
978880 354727
754438 728536
415612 76222
488021 908496
525041 918030
781112 827764
249080 660190
602592 613786
156584 861444
907811 656925
408451 98984
152211 884185
169711 827156
838266 657893
35840 199483
881254 219691
698270 303185
780418 654930
412646 971392
979878 805002
848144 196688
689996 872852
133596 621521
195154 934913
511486 421967
460912 704488
448944 937712
403560 310465
695905 893891
380305 206290
58195 545264
472499 118014
295046 162018
811984 809599
43065 595797
308342 412718
477228 802959
130335 76286
104351 946881
343217 59230
949057 318329
179995 867086
519732 565054
238351 374802
460780 575419
911418 466442
594736 365982
178021 776690
674215 893167
87235 824042
943824 36393
241372 273298
144614 392189
574816 353651
977475 33987
693167 279244
273120 715967
432864 964654
56770 558559
246478 909607
578564 236775
172106 599337
478254 727837
195569 377940
455720 298671
141633 416214
579334 926322
983027 332646
444232 186765
408027 15607
781874 388609
341655 546974
817982 305381
87880 603248
482868 555232
470390 728999
989759 475343
6451 817190
483641 165384
712603 148747
828245 457432
627830 85897
495421 704237
668685 410952
257745 295558
244870 55588
100277 796082
80799 270041
387308 342294
304752 964266
865715 957408
579363 820040
542511 80569
175686 115236
88853 621882
889977 376270
590969 963623
230191 876492
619169 412928
54361 577138
760059 403432
309653 183168
72839 101173
480635 13653
113952 352206
63922 958372
801494 413046
631723 165998
553155 551568
888781 788583
727053 118190
638666 801085
713049 854776
429302 73804
167304 542134
301957 711345
163973 426727
314611 886402
423563 295886
660292 422267
519104 847047
759637 544160
470660 440324
762354 199970
729204 786910
642141 967762
136283 212491
509523 224822
651889 714224
745501 397717
544063 864118
945699 406438
170364 342774
482113 902862
467725 989121
40675 295835
682995 279842
784498 784202
825276 331625
781536 25790
416125 894982
419792 553439
768728 845805
17296 220721
4848 36462
903443 17704
523604 904828
734438 67622
760741 500737
487088 686832
239420 845502
308726 893513
194981 865326
675819 604854
865821 831036
909230 865744
211397 109235
150844 670420
267419 48203
353511 898774
787367 971282
726902 40651
897522 988183
795036 112223
893757 337234
283584 266446
686776 561526
345280 833737
660237 619245
141554 172812
892316 318956
337698 730856
273737 225455
347561 868269
579742 323035
861490 98704
167389 12685
773668 363696
878334 215374
409160 452234
106060 27890
944963 163299
197561 456547
885925 968033
730113 380085
579781 91562
271644 492006
309242 823134
981550 706512
682613 177408
310831 369002
176339 50813
26953 113541
309424 781905
732088 195894
964104 599745
709839 658374
168831 877025
245541 383912
69756 766368
584254 933328
186574 585610
731631 252195
882141 966037
451284 814274
363150 855703
553077 275891
619128 59533
238685 101405
264514 870021
456017 553750
352287 27355
207953 160263
943360 148315
401020 675486
182184 169099
731256 614736
299113 706600
828351 432023
962945 531234
522312 228337
630023 719470
783503 69568
605934 29294
237610 251456
818395 566337
406944 564721
910106 901530
546115 464061
525198 459972
233682 88372
798287 487517
452851 305194
131633 719002
836189 208920
995792 105554
644402 717575
30495 469496
437939 319667
868372 814406
445610 219933
535311 23569
896008 94613
611396 479711
859663 375660
30723 766018
217122 190707
726278 476323
843115 327840
48923 156211
511134 297373
791324 513195
968984 756853
736089 711339
95156 154113
28642 815928
930400 35242
377826 642584
556308 602539
289496 643030
577370 797536
644253 55586
146740 897868
695451 677160
467540 229549
741968 919143
931431 244189
687337 889939
390039 58513
913924 404546
256917 258107
716003 201462
883095 878097
970192 197898
650859 552576
572544 967451
924073 191758
505237 987881
130503 414486
796517 991365
923973 908734
465909 705447
929083 538187
423858 271338
328857 695469
260941 586406
671925 729925
176987 320088
66165 784838
322382 437527
668354 469369
338443 120231
338162 499472
564464 295848
211914 603693
324632 987117
735388 421559
169075 640382
70257 278972
820917 245908
684542 807560
870559 653239
911677 366871
401350 103221
207515 982960
711701 661264
113941 43666
69839 847814
186455 596599
536468 234533
102601 176624
691555 17340
432361 393376
18980 329901
176766 511227
84292 758198
121206 98241
354789 294370
363839 129309
709757 866943
780286 29424
141488 24914
579986 360911
618150 526475
281658 557855
154469 28789
738367 132678
818971 263291
770048 472610
318498 820958
594188 555594
688281 437084
17929 94112
389171 338605
10440 998319
419482 761022
699074 872840
331243 507614
875990 335846
448646 909055
171666 446170
57260 15286
904705 413509
513017 583399
468594 427941
986995 169200
803357 27074
841633 170648
626343 567439
251124 630194
197015 207909
704442 578067
829538 589545
138878 842768
435590 683787
643048 524608
411083 227558
196055 22270
624785 2092
856952 257216
651109 3234
663467 114097
215507 656194
378178 41364
853935 434155
167663 230420
882189 993438
896364 417905
187669 263750
950519 182303
678026 876658
900331 389006
77903 952506
722077 602191
131189 193197
611494 994793
618381 542561
885588 789811
311161 442831
440353 212904
20410 685414
986630 312805
478315 515757
591563 526836
388122 316646
578272 795206
720854 422112
828383 969456
997105 392534
202669 924790
816879 57961
641164 2161
414734 303671
101978 200130
27088 263758
616580 578560
397293 179611
796551 214664
205652 245071
385135 83866
399752 208629
259246 735003
989672 958874
7470 262711
590535 454876
435699 445255
451002 899825
788045 337124
153440 276736
541050 722883
756718 762839
521882 454886
465754 501868
918007 699625
763095 816732
342785 301134
758207 220474
117988 390671
157709 935208
790551 51403
501133 209723
328638 754472
76891 657405
249035 219140
543534 674625
743420 619837
810079 192073
945669 732427
423962 79129
192821 925523
439050 736179
349355 126305
597426 191929
199154 455278
351730 738480
848439 531347
150820 453670
131176 725632
704594 13411
293425 813107
831702 605233
718484 117407
823756 568990
127165 499738
827953 103637
694501 10534
410805 103773
105804 63416
26831 312137
157895 655740
365293 56636
879316 397088
739278 753428
11161 916646
279077 872958
332693 579207
38340 92689
315518 503680
506667 976643
731510 188352
9139 914441
580752 668680
273551 641802
947800 376148
519916 144395
652375 543045
817317 415777
631684 309552
768996 748371
712851 817012
933467 647404
956551 948301
758414 445059
674940 328025
5665 224663
464326 290817
652273 951019
34168 747221
244696 644677
540258 594466
60616 555290
557788 884828
7025 403304
990705 67004
474943 973043
499479 567484
629311 4137
646555 188080
678205 794878
167362 233327
105552 401540
199909 847228
164946 907597
57593 961164
178270 735273
124056 256172
30880 539271
178631 604985
758081 855667
391660 914133
947255 296894
661680 510701
868730 311108
343154 868659
214407 874980
89407 757350
606655 356624
863826 793865
124178 931659
605758 226148
253463 834663
372670 821265
80733 868224
710749 855397
220325 627543
894543 810815
760074 922975
509327 988834
806866 456135
889471 32553
253676 755239
486364 845934
891712 563010
70190 445736
426350 880804
777776 457002
281781 512888
83398 291321
771705 497267
382629 723637
33633 917009
471240 383177
643047 248846
204265 814667
105260 27460
547867 784365
962633 542896
83803 594104
62702 953063
881384 604856
899315 963421
580956 545494
138271 126819
39421 505888
228408 368112
61329 481465
618446 723542
747188 138022
234434 282218
810891 700614
120331 694169
477707 50485
4459 326312
276023 5324
821961 865203
826051 822439
911690 661855
902667 539793
459461 95558
717924 669749
675804 813950
352520 943658
899346 917051
270986 46800
531465 576388
210272 672590
845381 244519
56580 959863
942157 317372
398402 640015
319372 581301
636831 444501
684907 34851
154617 779803
116204 179174
549712 280946
499429 549427
594292 847855
681842 587640
744294 922610
435286 13209
30703 8368
227372 638017
299666 979851
632602 222199
451533 387545
118696 173444
721110 20932
