1000
263587 879877
786507 954536
823228 90341
449594 161655
677454 73037
705602 765367
795648 758664
201611 625560
200532 370984
877491 254420
710135 229795
51913 672256
345611 871402
304820 930611
294211 304018
888355 186969
312944 188873
599061 630465
411618 250069
441971 321572
255792 790543
652652 425332
174883 294254
851873 329789
46044 788148
644454 662408
488538 146366
752292 634070
248859 185816
571150 182744
565521 320082
71538 898689
452175 455598
854735 742622
850252 384720
690675 524815
836088 937980
691659 852624
383055 491336
94295 601219
404330 368413
78249 618148
255912 584878
34575 428789
826723 589037
23569 870436
327193 77913
231502 935423
82341 252264
975096 624267
924896 930777
924520 807167
491918 94931
704000 439161
581580 291114
987448 984149
345834 867831
978652 582386
472005 40028
980245 58812
773588 250863
876243 904478
396259 712838
255005 62758
673920 995905
435120 146128
730165 74607
750474 903753
650426 833929
412950 548685
591499 418831
602194 963374
54190 975691
442439 438023
118860 245606
9107 232278
250302 993138
298280 693867
725627 139453
852226 820723
363570 858398
700528 618876
242756 361283
294720 692990
54869 754960
14346 395615
348165 428649
185314 652682
419281 501406
472092 172557
12529 20254
808486 528151
935914 939871
997913 463223
64648 625966
951946 855699
923213 121468
905286 313828
350658 633088
245889 389704
616368 314769
832360 404550
81121 616489
957160 777312
416730 168553
51311 361677
462794 558187
800075 361017
658867 223674
32830 52499
842528 193666
253840 90039
66769 885529
516681 204153
957581 334551
739406 373209
368180 64147
7580 526067
345344 649988
870142 788831
249609 6647
744347 596765
819592 937531
497952 271794
52541 264167
532645 10880
525504 640743
83168 104104
75010 662750
791933 262706
922647 521174
857893 938506
220846 439031
217967 763078
263717 543740
911779 779526
839052 977580
545955 844844
961589 122648
246492 862226
768429 967052
788337 724551
786410 757158
132202 804336
695502 775939
628251 292352
47405 27003
924956 284190
75852 867596
186875 92219
303154 768459
831167 310429
91495 567035
600291 276521
740804 318296
683388 987939
520363 750638
814745 923444
920196 617292
344635 692943
894588 414213
880045 345347
262810 471221
66282 629186
996678 379455
456777 464443
763595 223468
963554 179268
578933 387574
337128 396080
476013 826010
202330 86948
476062 2238
178205 882488
916949 477128
854849 594515
839507 914351
463314 957970
680699 952113
553192 32538
626879 286753
24271 695328
408742 756682
44152 104662
434896 736651
517506 671532
907397 46601
425488 933734
371949 717236
95742 376660
241100 719931
530969 929466
761059 423939
986438 913069
534063 140053
257322 911352
591250 589084
158029 599629
788966 587392
710553 454534
611069 708724
774526 690988
177632 428747
601499 517197
788913 389001
254057 577154
307743 220572
684161 305684
663442 32610
738392 728283
205791 846091
906056 922008
962270 799884
546412 804520
507881 394089
442898 339946
658430 935604
64443 634307
615312 184059
170517 591216
880679 565933
27175 860268
941368 196463
631843 529697
519419 121112
410211 877158
488072 111813
724309 984052
495745 195378
592387 187316
782984 455864
115641 415708
354531 17843
268414 795585
619985 70764
735508 10826
362484 206704
379508 242249
177629 960656
300811 689735
892535 127300
90173 134909
1339 222642
716597 169876
173435 896713
12506 379282
416204 609853
951347 242783
634702 587451
444551 37902
221692 371649
992437 668139
340695 992162
635650 384342
390204 169158
791537 603794
495628 486017
102273 802127
223225 98043
74783 510312
711711 297665
908316 860363
835608 471286
154381 894941
55081 480794
352203 611916
725870 428312
665172 534239
460512 882473
1908 78234
338061 374550
96406 88672
677551 518001
137021 651181
158823 236073
176854 1419
153807 766412
3586 634694
632203 724973
977399 746328
540672 853436
810714 525495
137856 13793
403555 281834
428250 155391
195703 985919
764012 643054
831888 70961
222318 724619
718590 66514
94228 459920
954518 305344
167940 515929
272565 280070
266635 810436
387774 934651
978812 585836
433159 78727
666778 723639
104354 906594
795477 257616
605650 208680
372301 108127
572117 579087
889230 753419
557912 824457
709328 772477
584703 952081
111985 404413
375268 193360
319481 703591
574645 275816
74194 971363
424424 69422
573347 85751
625842 418120
756173 2845
219092 191872
789706 462422
43251 479883
378519 351159
899391 725830
686066 363545
902737 68573
480620 183400
991218 800932
256521 640118
168502 35340
167723 299915
82270 991344
578103 845883
683761 580666
923260 695822
443103 94970
334823 750124
114809 185124
617692 518184
806563 568119
119602 782878
7725 107542
472883 859568
40397 695565
837758 977873
993716 603841
907825 919883
791199 33132
642293 210518
359797 587383
612427 758517
230835 481966
752832 153035
342368 26931
30633 665750
183834 518212
716010 483516
453752 142126
633161 872422
825273 644913
801823 384265
963098 44945
37586 392200
10979 862971
748720 521113
507352 337463
185972 881123
320920 580601
754169 538948
388202 648211
475128 225756
876387 953947
673638 397321
189908 443310
992194 500940
713752 543842
558720 527486
175074 2454
334176 58798
409311 233088
598653 175381
719792 224400
952663 241169
46336 174351
182108 721917
437807 787481
838200 571344
790726 856811
82385 679164
321653 283872
627542 759680
625793 324430
310863 766370
295299 780548
265154 623645
671942 461800
608414 460316
690145 519806
500067 79260
4654 842767
887713 120004
941075 906308
802709 163783
742530 75171
354920 164807
941558 842727
195797 828262
135537 327109
909911 994755
7822 679149
123929 82932
363186 644194
548930 71026
963717 813874
843642 433388
402394 714922
294236 344660
849846 977096
199085 293097
759024 864884
269203 747996
916052 538888
359355 3729
11814 273201
860851 95074
331071 399591
17432 599405
837497 182993
628854 847642
51182 186775
409973 365421
346132 582397
897130 397818
651117 49619
160370 472177
259898 269975
407518 260325
748112 962036
283986 338999
170923 914374
505191 776963
901647 850760
491634 201044
995835 20294
992678 57836
196294 662693
897521 784571
478410 402717
443499 854777
589468 224723
353110 465370
690940 94416
207558 306271
420092 128104
560141 379739
197810 697457
482856 987660
233354 207596
297941 194747
924360 1911
351598 651283
901465 331774
423200 183664
988441 204935
558485 61559
61607 409496
678691 708202
792883 673636
360253 984558
974959 93582
143495 390614
312693 546692
783654 143551
274919 735404
754650 371291
552623 606665
305633 826978
992685 783966
435359 458919
960493 867910
309518 288607
727297 433781
451937 434408
708206 802727
714014 165490
260769 72709
976096 642258
477734 983560
853136 149569
860681 237238
977083 912665
632329 139851
513939 67809
697430 91270
883797 759011
615254 603862
26035 15406
996881 94174
623130 691838
104264 336203
198530 251878
107099 724847
148100 820237
882066 905469
675254 282936
22768 477017
583917 990869
336755 166008
608099 748723
766772 265717
552604 338540
547430 661999
316452 180752
699609 779465
740603 343165
114958 952605
82822 19575
568300 227237
185441 173408
600547 143146
351348 218248
134057 103693
64682 402719
429123 27754
548377 588465
51240 901309
860959 287996
761247 207139
494847 979333
376584 230316
629806 816106
523759 815716
680621 870294
7004 243022
980528 632994
842656 326903
335191 840335
582985 716869
585375 885561
71121 757735
929524 258483
147274 232839
731843 356814
804609 320450
919513 66790
909392 36686
215346 79598
913328 364401
985692 764803
598226 301469
987634 542497
90791 546453
601688 748277
186829 303847
128176 955898
526318 555820
467781 554448
865956 768667
545176 662935
95075 519786
5422 714827
85625 122171
807987 781731
854557 603983
186522 924765
852324 589192
963454 31142
868380 973181
676066 551446
691170 740514
833359 210649
835065 300803
947557 875919
707324 899421
764383 470097
744504 254539
936394 831496
543470 715068
530845 126735
144145 987455
844232 631239
708141 660475
921275 970172
247736 783306
365138 62534
797810 538385
965380 617150
93209 414148
697673 149255
664570 36050
903579 73299
286755 901770
620491 183696
358006 112929
671836 599770
875904 762265
373064 518932
46570 633779
181070 922564
249540 786904
301423 995984
46709 844758
569056 979028
69353 77352
39540 87499
770983 264658
65487 587131
209990 619564
127220 290299
302044 353911
586397 862628
221615 35460
303444 414426
349025 587162
178613 313556
496761 163342
819578 414006
918569 734212
872407 482830
491613 182168
339194 63869
815753 374660
759583 179132
968492 224449
501488 398444
825607 927967
649209 395493
881113 495833
507055 404417
69924 278185
301235 70389
245671 739716
150189 25914
121028 874508
945149 211787
324413 829664
591286 871519
754023 86788
389308 486472
485300 977136
563589 986382
813156 763569
6073 84893
390134 866390
156454 903616
363083 906879
165324 463265
126491 721567
633839 129005
760134 740429
495314 851654
364209 574783
111688 906862
869939 105169
188572 645186
715087 531955
759974 556487
870754 963529
131433 928147
523711 298694
515177 402111
243770 254252
777442 705159
19333 513675
271060 344905
522428 688281
966072 989441
757658 466295
885149 721441
952181 924987
616312 237645
405494 516618
100396 236304
718048 593198
815257 89377
689557 574488
596025 25545
960375 704433
107471 627001
284632 231524
93041 985543
796915 760480
133496 985967
468854 7804
273332 954686
660258 417809
31159 582728
488553 650389
925112 708308
436578 964474
595656 433248
798624 76873
515357 526462
377155 371289
701180 980239
921362 23171
2117 378249
372974 463914
719820 889613
30704 953935
638795 362619
400636 615136
597908 788343
790151 102538
66902 942278
949600 494714
79100 995964
924702 242204
896591 70876
94315 709813
757853 885422
115786 981715
64256 552688
25582 289939
305314 581124
662188 79287
393125 554772
167104 644834
757147 739654
190988 488710
331744 847497
52543 109634
992734 896011
145231 640948
294646 5038
274682 344705
588654 621351
322124 805879
736523 166072
750819 625680
838413 836409
429695 922752
262398 699962
1574 255325
834641 806639
547277 988269
669303 645518
607821 804591
202634 674231
801705 629215
913675 143856
30749 411874
205565 528839
441620 182758
459532 566957
395050 981804
114049 107380
603372 709769
493380 658374
550644 545982
220211 332582
389912 572213
434623 670107
828334 563294
20030 828504
990319 52584
247982 263022
301317 351449
724675 45518
832878 774470
55080 603155
562066 232813
4411 481878
295395 755456
784018 303558
710906 260014
340584 388280
609706 580553
507640 364201
996889 379117
161445 565912
486479 2642
884963 305268
379473 660542
869321 94334
443881 45284
681756 190350
681631 328915
264249 802345
313962 554155
123876 490758
245293 795690
695775 106156
4588 978122
90786 383864
407385 964312
892599 461742
473142 651539
642405 97316
422744 814925
694321 597065
104927 141369
44383 232644
116863 634608
758548 665540
43023 129763
559832 409563
919327 963131
32315 939266
339559 771038
217346 188293
528366 904563
177084 724942
855549 110567
13130 619130
526160 563703
357489 472301
914451 444596
19847 658248
81775 493468
632932 79464
355404 839723
491707 721437
627666 28543
742247 525587
85439 142128
810906 154612
352308 564177
989310 642348
404944 436600
232850 148903
763984 902930
507548 983788
263682 248384
410000 74060
941425 893672
666746 120687
614324 919803
191972 432521
39078 412201
979683 572139
348841 398197
128012 237104
679264 123052
669106 423666
433769 467600
813962 774435
197264 222644
59884 29627
419961 327388
966108 341986
987160 625730
571289 230945
725548 572505
723493 975642
622832 275475
907675 461053
143400 455547
396060 807511
736078 756943
221645 272929
561748 974103
258470 508420
875940 559693
81965 263551
864882 337560
400789 886043
829480 525053
508850 398608
528682 197138
50268 970781
469389 278743
236577 606547
576791 243321
499050 654933
779621 536229
1926 711328
773540 862288
317089 727011
310495 334930
99030 803371
348047 725995
294326 445956
648292 861248
534942 739706
128765 187375
213706 295131
670657 583438
584494 857651
396308 372142
234341 327272
973365 307635
84675 881972
850556 132978
302839 769573
800629 8697
411397 257764
221152 557656
299423 766335
504399 716028
875493 109523
789313 478748
639694 559372
66661 666481
726892 867784
392719 665151
487475 289784
332355 135704
977655 390011
221099 646079
37553 99894
616697 637971
967802 889401
557230 425324
56879 210267
336326 131785
828478 17757
318567 303672
780019 865897
483093 224843
257239 768558
957815 493940
506223 12215
16132 712496
225149 513298
476957 735856
986315 971247
674395 133460
841075 402294
457721 592689
957006 616304
463626 972621
263570 493242
554366 116456
979967 418241
670366 69578
404383 829275
712961 744194
833690 704411
390957 174813
789316 998401
819179 937532
878485 575130
377952 251300
866475 481000
47819 725369
471988 398658
786312 69165
736690 816034
796798 845317
122906 622009
987169 745219
996917 130563
598548 830512
910551 994817
829331 8704
928901 961351
909819 170544
256525 360994
231300 844507
631135 190667
15201 642285
25275 602179
351856 738230
587019 431871
482316 545067
559036 647007
470076 321941
505433 880013
878602 490084
374645 425671
564573 96314
488967 149097
51752 787402
711711 280515
420923 34936
214473 233325
474326 143578
164276 361506
189552 275757
875406 80826
48052 291279
618861 197978
879426 987209
194940 442282
529521 185344
40013 657107
856845 601769
193958 558624
220652 633198
857527 312948
405929 388293
585762 720767
127921 470432
862994 975082
501951 154648
382201 155886
346948 825236
70906 977923
958102 56956
669994 264850
538115 364045
535025 264548
443705 677
505523 825643
688391 32222
93903 994407
746804 905357
477817 822411
487918 10173
655964 633551
77565 800592
407678 984954
253606 589898
653639 342927
90893 594612
157916 908925
353424 465548
247013 749824
446630 507143
181783 161516
113564 288887
460392 464902
929070 576619
492259 54426
834347 276648
932837 838530
534084 935298
109205 504940
635005 148627
526756 856126
998267 87368
164075 385834
625836 480787
782840 70307
215595 192854
860851 424761
968795 392796
317371 60596
543987 635721
243815 970594
420513 725537
13561 43275
211366 326455
440824 845299
983471 798276
877611 56432
949015 375520
336129 45965
660342 276135
756962 93195
931041 749865
517779 805103
548669 462853
129159 745399
311560 946745
551472 328711
294446 382742
410113 749739
509626 100146
68505 687533
785145 351535
428413 643765
509926 307951
154435 239126
626055 741930
394534 72218
892463 382376
971598 566920
685292 712416
894157 452878
468656 806494
204730 131955
439720 818542
740907 753924
894120 694538
28994 121741
898753 867030
741845 768950
647662 111266
512102 63800
962905 546388
296539 710058
720529 68453
479588 956736
681515 975874
999742 498813
94143 505886
417808 321598
630168 576501
660087 845545
961272 493351
751661 1895
153675 94874
460150 890401
611823 184345
702238 688073
334220 433570
985772 812129
80416 467813
428736 636057
147723 327750
824524 782022
256765 564500
238951 650832
135269 65706
571267 737459
391824 913180
247039 337756
572364 962278
821481 136438
495322 541322
231473 541787
463962 171133
275858 212356
595538 578656
185994 308760
402822 972961
599730 917386
504100 961054
153726 911098
901742 595565
228880 265681
312788 665996
767208 561877
755758 925806
436853 551268
837180 402645
450381 424866
622015 188519
967806 277635
599524 30678
937146 5220
590349 435351
841340 884506
280901 132570
299042 704395
729776 946462
147510 847619
885664 996802
78878 845950
989423 614409
862170 980165
168522 349335
536428 667395
345835 170261
298921 823593
418815 921919
871872 662819
95552 505637
466200 208050
680448 183345
166173 374766
345823 697326
436025 337603
0 404859
196647 852886
950599 247220
926822 623025
530174 830410
569985 775399
23904 265961
128832 386786
164441 9942
240393 935579
740911 860343
570302 896946
503851 970049
880292 445436
422765 958776
817986 694703
408410 293088
883564 811694
756218 776494
418205 479621
184029 230151
856832 68184
167221 743019
230596 287706
964413 184711
667383 898803
204878 635521
762213 76003
5650 821387
474739 86505
216427 533162
867957 900139
122588 80779
523564 751337
566561 13669
897236 290350
683086 257830
603239 728553
447626 641809
439807 519904
976568 712945
499972 411556
318584 788545
880018 910821
5058 519436
664149 53027
463279 909443
57529 433958
123129 423643
203941 386554
174751 367880
35425 158024
512020 294716
844939 741764
694520 639575
558892 50114
153261 958384
449800 584324
519890 911831
162685 15731
775702 296552
965887 849755
331947 221849
794229 933209
783901 920983
103177 172505
307837 911409
18240 143730
245910 31743
115326 40857
799101 178666
304661 716340
882967 684813
715047 154914
736205 691699
169836 16609
913021 345913
786355 751029
28210 125388
679816 808299
349176 906511
228289 265963
466875 656762
164568 242272
243114 974312
932696 623908
827311 234673
174933 107473
128733 615359
55734 978525
99794 893419
498094 265918
795155 300932
285812 182323
169068 770413
208379 235554
7422 592014
541374 810950
299645 961948
934197 827204
822618 578700
249825 754221
477455 382471
776074 550573
464962 740459
63288 352891
464044 286822
314538 285345
586198 175559
28213 785845
508679 25260
249194 22616
95350 528158
308670 865772
40637 709012
452539 623551
318599 681728
718407 168016
748584 547588
214212 409068
619428 131302
465374 668020
837272 970017
224280 331179
677500 31736
361403 342063
196707 801111
638412 63852
448259 83973
795893 196054
685781 376501
863545 800459
820212 558524
640694 328098
68131 114373
44747 944707
72271 20530
885331 147226
35947 447242
460561 451631
379847 269667
252979 990965
272688 728506
119735 995026
614399 888383
990335 230965
846297 278225
742867 785427
105813 694947
817994 423288
466776 48770
950189 350033
28291 702170
344810 599479
208945 691520
378866 44603
354400 79071
830873 602853
971064 570576
880909 180202
553519 395828
675490 758458
807068 37502
14128 168351
379679 922069
317572 413846
112034 855090
748223 881384
551631 81734
599618 46548
731582 596225
21648 707003
496106 624304
114506 785674
209350 615684
733160 420106
409094 331825
792169 516233
406306 362244
887399 721792
59026 960232
116621 223703
932314 34636
575004 990217
331305 257476
265479 639054
377375 57051
326873 998722
15590 281481
177890 417572
191016 639216
70992 690186
583232 737602
269864 461420
501110 713631
37328 283601
463787 215677
201408 522938
59768 663734
175548 107777
801961 318909
102695 723908
629779 696585
440983 232973
704189 79529
645070 19020
391069 811331
692385 907276
185610 504329
571071 796147
858567 128877
877444 670845
43732 511542
594133 254274
706021 519318
533096 650390
249013 373118
248354 202344
118213 4494
948308 78027
414119 219389
805257 242966
902156 432087
826246 382437
401795 574071
955938 644416
490007 803168
391652 69887
463187 965669
112151 713686
680183 151666
90471 441623
316769 727849
452986 646420
851790 899061
851304 865408
73515 6997
486231 483034
677675 141079
683301 354616
126748 292345
796569 788923
214532 560746
647216 543243
192914 382485
386259 998439
525949 128784
611257 249019
256766 158450
616199 99203
190735 875502
28073 172962
790430 267881
756641 219301
375444 836664
895491 425518
167534 605463
595138 923856
614183 86978
46512 605802
845715 437852
351004 8525
805768 299318
937603 767455
504300 967608
262649 134904
210128 332375
993517 381999
962718 202536
584334 326728
802440 555264
871614 22031
172836 586651
666000 473927
690031 988486
511118 387314
481998 565898
762532 779209
481638 693089
223375 772750
450178 223635
567317 62830
387925 23179
861024 363851
671715 381963
565600 35836
627947 401098
303411 762678
481588 127616
238118 617166
987149 28166
7118 949350
631204 374693
558681 387306
305069 563012
900448 959929
786321 415890
822922 573870
354759 212955
889836 516803
923058 113898
188878 305503
303479 368943
111379 344007
525067 148119
763689 377931
612043 26367
335377 830940
567603 584804
352529 625924
317140 882030
434651 683491
376923 468135
792241 660917
149151 834734
988068 595164
501248 344770
927391 182410
677093 998163
555559 996372
289985 352946
43555 361803
624891 185610
500475 516502
234130 23938
427655 70485
903516 923497
426874 623090
774859 166491
613766 785347
293464 674813
18156 980105
955024 738512
659357 890948
760872 617176
191046 671369
48372 543611
175796 215439
359624 882320
231004 179086
227217 555170
433175 720360
280844 178768
835536 96344
875824 113367
408781 945842
186037 210222
586492 27876
480533 657504
503291 303795
313858 889134
163047 893059
209000 89243
467244 678983
410043 325768
607805 947766
927991 62905
75465 177728
407897 734499
759637 386331
889291 1270
588205 377533
498167 338625
141630 726611
709425 372118
777993 432618
451247 832934
878410 359796
952878 61445
899136 55597
21642 965906
724475 392817
179353 877739
109954 14595
974366 625864
798565 302125
117347 303044
991303 239180
928048 267024
758855 339306
103920 66322
373739 16837
322612 303081
778446 554457
147859 439778
64324 285942
999588 897775
196665 701670
154727 18526
451122 826588
439090 642652
39444 562240
766990 209969
225580 692173
752382 155361
760761 656720
560017 907031
676362 64969
245207 8884
903300 955835
266834 593202
282242 986113
436033 600060
852847 124794
575618 499992
778984 614833
675029 239192
539110 847812
830278 557659
427034 174560
275325 463590
778264 609228
648404 788168
918860 603000
434378 423407
730072 660328
854923 801115
293797 915070
453062 635713
284161 764521
220395 409007
268780 743835
111323 550325
263167 490208
353060 640148
866711 52011
281588 385892
786404 469707
577087 118239
979941 926373
720141 199346
39096 536418
112767 39592
70939 853112
279713 296839
246932 217848
363277 341774
265801 45196
658099 376592
565263 466848
820942 284941
269490 708945
252167 343423
509080 387625
646584 181342
506572 162885
316297 683130
314063 734122
469917 545414
902140 607756
610192 961547
324512 305580
629970 722392
692863 408375
255747 363327
824838 2160
98800 136484
280269 418367
818042 230602
68434 920517
614388 408938
65562 71145
833527 947977
606257 53496
994534 190863
903525 184979
796299 169119
212181 908289
656226 51217
438515 807811
778318 44341
851135 663638
896036 988684
410607 502873
452460 151359
199695 996897
311372 491444
74519 386869
596783 951600
23577 805141
829461 614084
782894 762113
719919 151644
710148 133956
104770 547443
183730 439282
494704 375947
204519 773099
398634 706519
535031 786519
957781 566961
119470 910663
885698 834132
424466 964695
765827 635021
23866 617189
680150 43938
332370 680188
545639 798415
805193 365285
86728 347032
67432 713382
402878 618865
92535 312538
173899 438284
499237 770560
164817 364
325779 655386
699718 860208
454653 399070
779394 571134
744782 186117
77649 1020
428931 273291
273523 275986
841596 478892
852444 999105
740852 174640
769461 870635
430897 183010
875273 136809
836528 149081
628402 99832
99186 895178
652457 464989
56559 435283
219218 883183
237418 577795
213329 262780
883062 29733
327977 340060
384269 114960
215216 460356
664107 505010
320513 412349
273573 981807
43245 344838
214622 591408
946059 123105
804362 418665
156857 828224
197076 385828
418873 29975
305613 136358
299437 279664
226280 908500
510425 760234
713999 847895
770203 476396
896702 554620
241257 67476
161059 492147
37862 604712
48635 578427
29166 356156
339191 440226
886145 321382
431346 547178
507446 341294
693361 69972
117252 456445
348448 748005
159448 436446
186605 963238
567426 181151
520747 941446
91618 604621
269070 279829
994670 892220
371440 411884
577462 653463
158741 584811
540249 669936
428416 721080
833630 731841
221652 585908
870813 54919
465431 350589
812992 749073
257033 497826
105880 295416
963616 577790
913133 454126
736979 645189
546026 495787
555807 437891
821379 750499
96388 753816
879558 465022
201445 782618
59176 856342
593275 997768
209805 101725
986376 200961
789751 915667
692594 713174
609488 620866
213146 721840
910437 431853
269251 78437
973907 867890
604632 634099
597956 219089
964984 210995
710949 938982
487288 462183
133518 376740
886454 21374
674672 643981
615159 916364
591293 91972
82748 50234
318097 908784
424372 233013
66284 388507
659325 879389
632793 730845
262477 240949
748432 850168
536589 522805
984868 66825
173836 292173
177147 404685
373694 41586
615480 473683
229259 593243
708593 337047
403286 283407
372856 162596
501137 429386
573532 813062
723453 1367
584859 720656
799754 707566
930527 225876
964371 620020
813416 670995
849197 225261
447355 621380
374440 691693
72878 99094
392095 962741
969347 480047
850451 101470
274735 693163
432746 113884
796792 179492
206189 513006
376639 539749
528813 482219
825319 35988
607703 893491
881748 580073
816636 110398
356226 72700
802316 838952
523016 415797
812502 569674
627201 19433
861335 839736
261184 143355
102766 830560
374519 784771
909110 656442
475928 651096
913405 451301
39578 238700
959274 857943
883268 333830
942742 315738
491974 688897
340830 105720
365380 286411
735744 150060
216638 74256
861286 279212
469820 963454
806527 929138
894649 512096
133181 33992
491710 319358
108497 203689
263549 571747
603013 21665
575337 413243
142355 5881
318828 666092
631305 112630
449128 498571
513484 885273
998853 221030
480386 11895
790859 285100
586450 860689
340305 324129
75358 878258
300837 207267
930490 54816
531708 549555
517496 127470
260085 833367
876300 932027
756966 15199
857051 587695
804174 852499
119695 626750
257788 213979
379010 703959
443430 948655
419677 464452
392527 776099
370258 284887
143240 470943
891 660182
731086 621719
406527 449995
339515 418649
288895 107714
353884 445080
148239 175939
713004 513070
858183 820853
667067 216520
42396 18552
43742 795945
182769 508373
861095 630055
596283 526373
284263 726030
43120 891675
774293 374959
286186 320051
252697 161500
424281 353731
91350 207478
43814 408149
504795 946925
767848 446496
873575 162420
926105 103680
284019 687605
800451 309694
625806 33281
711552 845987
307276 464639
519828 849599
883265 98577
366515 253806
428964 468878
437971 830468
75227 153027
26771 665674
41407 511352
948040 561295
63559 91634
807183 161098
264516 846590
640922 92570
777420 431465
760315 969250
239803 467422
440708 315308
411867 523115
952650 158683
966723 216289
756750 10452
95341 199631
131691 826183
933664 496402
919383 356026
304383 976225
119353 215700
264704 830651
225156 261317
783121 492794
733612 216364
684532 250452
914228 538283
950434 817481
978057 976149
759128 711191
119855 646935
499375 828759
457792 895382
259247 860895
70125 177826
176111 412959
158069 755144
640080 77339
509662 353213
980576 533180
950592 162403
621069 903193
763748 974234
185183 89423
830478 953052
964715 521542
921890 879787
931864 738018
624616 897775
935810 295128
489935 583541
851205 542034
368795 516028
411288 308580
274981 269640
943434 165932
632526 164168
144218 529762
322330 641687
288372 438920
925805 815444
200149 15951
491437 510300
981505 855738
554638 539888
287552 222771
791346 53643
113984 72467
196705 734167
649101 598065
768099 996742
580032 460579
687091 57696
788257 5040
189112 791315
73595 779064
2122 99944
720084 161069
82384 627642
618162 407902
667983 778923
302447 205768
369898 688287
282950 631121
941470 686170
925660 448228
897829 719340
179678 88216
88839 960677
979767 208860
298310 898002
902755 382294
741382 633295
574700 156314
587371 798908
535590 411306
358016 267074
952767 618495
205765 573054
662886 996128
857208 489848
265328 916137
983399 198438
1778 578607
13108 125915
17585 686497
