1000
416128 633372
837260 714346
688941 930647
994884 763648
960792 636853
777103 219618
165499 594992
724484 266445
285128 39871
585995 713106
297691 118797
293137 439602
319935 384791
775514 777458
530629 785145
496187 370319
233071 831646
218179 312520
805340 157363
481714 264772
738630 141821
279902 493052
932173 17197
103334 781429
850086 615773
787074 711017
306213 57613
995112 715151
912882 180315
699518 843415
277905 673648
41320 602938
124826 490995
502489 423714
426712 625779
392855 887354
918189 946500
961167 651423
525782 453107
149292 940315
884431 934021
753755 488583
792174 888080
889915 970984
254133 851252
937560 292184
511909 631557
162845 636214
338712 725662
532000 166154
730406 985212
537120 260850
540996 273687
476794 188928
997181 377913
133510 383319
491010 293432
355035 539531
74160 55397
28288 303204
209967 380172
674500 561156
956041 595721
806230 635676
709526 327705
750627 10557
162454 557999
609707 764194
9985 895299
882632 395951
145193 586803
235294 291264
558499 833090
212398 670653
811142 5320
744511 188286
809920 942919
835323 788635
221445 845957
593906 625395
321037 582953
406276 470467
836623 695268
533930 155531
441245 905055
102985 720768
648582 6731
472877 103475
837513 532688
68835 905844
353188 431085
523659 916170
758148 516301
690468 303753
848053 997070
315023 647669
313288 452109
221687 90734
506445 331675
599942 726168
243970 488915
319767 790969
295265 436605
377278 39148
853132 165637
4387 545559
92373 901585
880511 716945
86688 85203
264079 240843
76080 724059
230417 373186
328484 658703
970688 186532
538278 359005
537455 954354
696355 108010
695582 695047
762235 777758
970096 363975
475295 990433
224470 523304
796593 657672
57584 573396
24261 236676
687223 629517
436184 69099
642790 281664
861611 470890
343650 443193
58194 40900
13980 847475
977300 801871
423173 377786
888312 232167
603039 853756
447770 827393
440745 571964
321931 888827
995447 114468
390858 329945
384921 634421
917782 970744
72718 779832
865041 100107
979917 400373
159832 134037
553416 839803
84794 669421
123618 865736
267162 422912
859653 610288
882885 760591
460684 864096
569333 787549
510637 501558
33402 202403
995419 886785
801073 370027
481410 373689
73811 882769
433748 340059
645373 207154
321724 584113
42197 694277
414232 130828
360482 195736
332099 991375
398121 17829
346330 55611
789088 975060
213141 321116
884566 201109
227874 591072
106076 743419
91257 607099
837088 631410
233843 640196
842860 809174
741655 647766
788865 142589
922578 341913
923971 538930
712888 194746
330364 538014
814601 309475
235358 948530
770540 51340
257735 525405
797775 548950
232646 143075
677550 845398
230863 543601
926284 175170
175683 367935
268229 286714
452912 573320
853570 47295
554638 141018
723858 146218
900768 678817
940628 49584
29504 15780
229769 728400
639626 488123
730134 46252
329668 856185
904143 860917
911634 325
151310 662957
578345 642837
820288 179960
854317 324778
401758 959782
644397 208199
463475 296035
948242 298931
334503 914547
349074 775770
56672 636567
435588 42596
70799 121407
103463 944248
73206 1377
591221 635133
35470 552290
225752 897934
29600 129657
964576 16625
131439 556109
452814 223696
874482 526164
76138 887656
294773 909082
743687 481932
357467 356517
858953 660726
365050 237039
831534 100946
105745 481540
609365 25535
13676 227082
459093 619389
43219 429152
551594 687777
293835 384642
503314 169542
130940 6046
461337 455816
579893 908151
999774 908481
114458 58222
366509 795839
164969 468909
67070 56500
311595 339186
799964 224250
879997 602746
567445 701458
561282 235123
766072 252156
405783 485486
710902 592925
86366 737534
761267 259518
875068 722205
864934 227018
119421 477336
223350 719508
782560 166380
630150 791131
280682 959972
273439 897459
84298 492040
384592 449685
678804 683696
955318 646617
380908 783843
550997 361025
459147 374391
115065 100581
326529 606393
865818 568489
394848 561412
465624 619516
640730 580286
477264 856777
753093 365440
834706 297324
760047 758818
299890 937716
399552 112237
356698 466627
304730 612802
776383 689869
264053 780197
833797 559933
842047 87056
928006 125862
365079 316226
133388 483427
409737 809105
277029 638652
972981 692849
817908 577934
644687 670552
427141 497564
398141 56083
312664 773731
40033 981398
39112 332474
100910 593045
92523 697134
65292 992165
563788 790348
151113 224285
93455 302660
656811 212223
722301 978440
624902 55338
347002 125394
135482 641366
659864 122737
862859 423590
43480 486658
820859 328588
821133 739075
735535 265162
769481 436453
64516 770574
216800 380237
437486 565092
780125 334342
799153 678249
639838 8198
920551 827517
350427 423244
481801 610539
233347 496445
589187 183030
736626 252765
721868 537738
21120 817104
301915 561140
322546 334476
755562 565812
903528 48517
16921 942108
834960 689210
361433 760797
170130 393004
393124 806348
551275 615309
722009 241372
168701 372702
246411 814626
184795 835599
19957 718277
333134 131021
452839 819894
767284 369680
940714 999379
807072 96318
276625 335543
335727 960133
629695 918910
257393 732424
94302 672132
34364 685570
964068 72455
208816 167934
180867 885022
756666 745857
822272 691133
194004 205012
722089 26013
337794 539778
321973 225568
4552 663713
427389 840950
259402 39428
432048 230362
725004 369291
702854 386457
778742 804289
143125 690367
916208 653631
418942 590011
453447 201983
768272 249589
458009 808861
358560 698763
276248 671625
874241 145284
707755 872886
973764 796675
480701 325012
808880 78218
621069 920648
432589 638744
241297 350422
929537 426381
566733 532522
816827 887462
25178 116635
197997 651526
995372 332016
339828 214609
842150 642699
47103 97684
223510 547553
863684 918334
526432 294581
362291 944328
901899 413272
131263 946638
456064 224279
549925 324448
444979 958681
428642 156941
512615 696538
918383 819025
508823 565656
243158 346768
852718 318481
621975 848504
620239 831092
306150 439628
238579 919717
554668 423344
868274 553239
971353 689477
207643 738436
141669 982415
899488 144642
458811 266226
617173 751437
551868 745357
246726 428276
703647 784432
509555 376252
110736 296147
504060 409909
276494 778805
695381 375046
883085 526691
560993 181506
873053 348021
729980 81706
131815 889641
930981 59262
138327 154201
503913 938053
484555 301895
416147 476589
205895 334214
109445 239672
991022 505494
697991 3363
525496 798190
579334 474830
34485 882224
408672 667889
587208 663350
592257 391819
804916 366245
574307 200080
127921 531695
401818 831861
333529 440315
317793 146385
634986 820032
786122 327231
922696 922502
860448 379404
471711 648297
256904 324485
664330 129295
677210 388563
26833 423717
313696 800196
606432 132635
968727 382061
712777 573349
65343 875618
736804 980769
582632 187355
389655 356234
351580 949293
945016 977500
7675 627662
297251 179062
262314 735599
642048 627476
88560 724896
668140 274197
510699 951809
463952 264509
685848 429454
708561 376775
664018 586752
368527 629128
960451 538637
609648 127020
86391 883560
403553 938550
606762 854754
599226 35370
227460 562760
575030 671865
243557 426535
588739 453594
810879 581742
440204 723330
642543 390735
923438 137295
870298 8973
731591 462612
406973 589571
563968 382115
151779 110040
193399 103094
233213 430793
400087 355647
828642 423589
677142 956172
326212 317868
856564 60806
828966 103927
664469 411495
897470 966301
303138 117369
98608 815914
213122 72783
798372 825399
924530 795315
456097 511087
287124 678046
643695 841084
368149 285253
662234 955584
923962 530701
437221 829075
755396 497993
421180 56818
761217 271757
408482 25064
974852 118997
176571 317572
688302 538484
443523 432309
769301 377717
312598 926104
691417 962561
608761 803505
838940 138570
570940 863305
925355 241607
583812 269918
906571 73757
870575 697528
342072 967391
396950 8918
610269 50583
940219 174033
627346 466385
129111 191530
281492 923995
147311 174761
1175 778823
567761 336279
120740 215069
72071 31181
387795 14616
233493 793002
499303 98533
138761 71261
199733 223603
865895 435452
989891 376697
894936 655862
523402 526871
490299 884350
83588 13030
486226 70278
59872 727196
817453 482207
389721 13349
658954 813709
282966 55829
907364 631793
739942 459227
460830 372198
278351 226696
253116 155206
732497 629674
575052 73105
458731 504715
297513 937726
220549 701057
340336 142099
433738 201485
548317 296495
962990 380014
99941 340151
98609 155444
937566 974111
77455 397017
422103 753560
732104 391196
833239 655903
292995 760149
117975 820485
445789 223573
847636 116371
892571 95902
266207 654860
2508 514835
37449 104222
912131 874485
182420 484022
681484 614998
13967 230257
390955 770797
766381 424423
56786 624067
839281 815031
287695 623782
347741 337930
238351 750980
151918 728669
500507 68714
902672 667419
556754 327422
651063 117340
694687 640282
212472 790718
711487 20636
72183 355607
44024 274320
373979 596718
934217 315594
701746 975597
914676 677797
411395 533648
974923 82027
950379 107996
268404 828820
726286 280812
783421 672104
606357 687705
908394 542679
35468 986969
35735 392962
412336 565859
798498 338947
405992 743702
105281 536605
455575 184341
613831 4701
617840 986982
358500 802816
966687 218018
668086 113649
519596 309532
833697 643095
614700 643122
567427 767864
896567 834990
505945 202463
339944 238693
729560 121004
982525 920543
358877 754792
719987 882673
107258 537788
464160 894032
563513 759861
928464 490831
954706 322985
836190 291464
613798 692725
4353 577088
553235 81487
340146 801947
339027 391386
124568 545866
155654 415440
761849 310103
158413 553658
442785 812417
845005 682948
383266 457088
997341 943205
79352 466563
626388 372435
228172 208482
130205 948157
584509 168011
433854 631974
540529 810381
247941 703767
53612 757923
599947 51851
162978 30070
16528 833282
75926 618940
782542 519064
91869 632505
956251 407900
468223 845172
162173 798762
720789 647849
664403 160184
845410 257893
413747 52945
220135 905475
359641 877339
955132 188303
385827 800960
580664 89396
367005 220028
18338 451374
207165 184718
746100 429493
849774 175233
263605 762798
487125 184941
37703 323907
277475 470441
458236 150781
804701 329266
183647 885403
832792 315390
919093 302635
53009 605516
194481 469247
596445 761436
863938 627708
614522 789957
737930 981461
570162 521265
420353 227779
901694 345611
805864 781929
473619 355788
609619 901178
415977 598322
863268 505673
70438 537400
458679 79195
711879 195943
35717 614818
641394 577109
321772 334139
895188 894570
326991 32405
114492 516644
413221 413520
743731 20259
576812 38283
423349 636069
399721 892731
72778 290047
619903 640116
622912 547019
790986 738479
934761 227792
126910 725640
476399 609615
822380 674720
491317 798919
410488 832311
886104 948644
191990 552465
472146 107478
877724 257215
280780 387640
935614 864918
589523 269735
887352 939057
317429 503452
125798 354986
902685 300245
700715 492459
967093 733024
410670 280335
82520 487244
283398 16185
461843 885409
375592 753743
144397 513893
249403 188951
32019 496149
694081 408792
609275 582453
524078 290098
444181 635457
265857 502310
152193 593865
655857 108139
818621 251366
272532 625006
594782 678043
639053 53952
303771 551435
453565 629081
767422 641333
624798 333015
95404 220773
49936 464393
786610 925399
972020 93543
507673 453681
819337 932963
73842 598528
638699 372164
477242 451619
390697 942261
668053 665061
162088 433375
855817 787335
682712 641296
392802 819551
864556 830426
845506 49203
782561 121945
846086 238268
94575 26133
397688 678576
135835 150736
154418 415336
897216 652440
111203 550639
342956 528642
603682 951094
377309 691212
531406 494092
873335 239967
608683 276631
489480 912058
269968 261932
92502 132593
769460 740275
693783 36800
633002 204170
480872 676610
996268 760714
115849 560026
865559 153790
439890 732465
546429 728111
376992 36203
692722 519326
721680 996305
672036 984163
403118 858126
466276 326988
199423 518659
421138 987914
1799 754965
405410 37248
810553 107409
882753 555534
459219 764643
772871 126534
865884 137720
77801 265202
988615 226392
262962 900637
667870 746505
737311 59070
159825 422108
144728 426345
438507 495782
915798 314159
267077 254093
583188 262655
653070 400210
605400 255979
276524 253585
305669 700939
742295 22564
123287 551140
126048 826131
891084 37299
315942 334838
72640 537024
434834 345408
243244 239868
223716 769637
750710 906691
882421 512797
513392 789427
735076 879108
689878 317410
399944 320366
132767 840140
159789 314324
584979 566033
804017 364297
649103 708663
662064 412301
278489 514182
387235 328679
611481 374820
521348 978687
470860 615127
785320 577662
203079 744989
234008 412804
55098 512667
576286 991824
615038 770421
300732 817572
954370 369059
926683 151161
149593 305459
442268 306787
141298 217658
159873 392175
10533 1553
984724 432560
836584 428838
773346 311268
483652 490459
808935 142178
397209 446178
736414 645992
974026 872505
62705 75397
14368 871270
424982 457412
934759 770729
710233 187920
302478 950793
354832 52961
220268 321263
17492 778895
690758 215148
861359 378299
401913 117614
306832 108016
964233 523075
47914 898776
762391 721385
656483 744112
840632 298982
696430 829098
193419 91024
693977 179753
64819 656621
795867 553436
133629 617930
372948 289192
771192 201582
189361 749316
704857 684168
226465 798655
864080 118009
559101 27402
21300 34469
136206 65716
967710 468714
676283 40411
371560 219846
331881 973216
778536 676375
859335 114849
112931 440411
978997 439676
854147 678007
369247 114116
689083 452008
292012 61438
860918 91986
845601 976913
470641 525151
443396 809666
116528 582440
18225 442945
557564 3250
619478 74486
792356 317896
285701 693901
308971 475453
522707 580091
542097 410983
886153 346890
204022 538955
832032 36638
475387 444890
178452 463682
376288 830768
898073 362326
226267 233960
839212 153175
277822 225442
59977 262086
432111 975562
680988 969514
376164 416204
769159 649660
410853 543134
30983 339725
500354 967062
485937 946076
146382 971191
706640 663350
432116 557298
473930 2120
953726 352639
835919 706807
286287 284940
838725 435633
28998 383867
702819 87090
492778 543397
468870 563661
478578 525987
817977 422927
798203 215462
283305 535740
469813 702350
832227 930196
35563 152716
443427 296615
285000 215672
66079 46766
619534 808611
724253 303148
327359 372333
490678 904579
617135 112037
530102 797605
357954 514462
772081 465115
459180 787141
315225 329997
710988 899863
239592 109801
474403 910360
279630 454444
748294 690408
507666 543711
991224 672928
639644 199821
317886 337796
188477 673644
476720 668014
842170 1979
212083 996878
634924 277332
245637 50170
579699 742275
16956 473014
177958 62407
641394 28047
544667 211536
416351 419688
643713 325917
990617 768319
699917 113675
4621 608466
843000 65859
144545 134409
302435 62849
346023 693965
255065 887618
570150 192190
998236 334438
867274 635987
617988 682523
184742 99566
211344 804104
880847 85474
810303 313082
329857 674331
483226 839378
775633 107198
801811 962147
205688 444925
663988 997401
943289 717115
590436 796182
430072 997413
744248 802721
796915 952520
137342 984178
645300 454452
387818 787640
640258 106338
999922 727385
307191 622587
601426 577444
924330 648995
726546 282963
579256 860637
735201 580397
341545 509152
617170 597646
472804 237948
257525 231303
499855 777598
210834 216957
108808 945797
537031 826518
915397 774208
861584 447305
614226 673880
331994 361039
625806 97404
386140 574992
957378 480632
92904 885238
554950 727281
191485 732889
572575 380004
214562 404206
266854 987778
274401 764617
783480 584486
465078 491796
39314 208808
86588 936191
291047 179657
633957 975768
623317 478575
860889 779363
13016 294779
891280 406187
836850 370572
534770 467201
27160 729274
900323 11383
617470 750179
6551 596865
470526 37180
797430 117639
958237 36456
830980 239671
677833 785727
219459 796599
126028 226966
657518 213776
798744 192107
707050 455901
632246 539382
20034 481950
479840 964244
694387 429666
963251 767063
411947 830327
757144 119935
560299 21164
549264 843945
597287 318218
441774 942746
2272 97843
651698 501334
811587 543385
94451 240056
77310 675905
11197 952859
732274 719058
737300 231503
521582 755665
406916 738794
53738 136880
429680 750480
335435 180926
363102 930005
581122 610752
853441 929051
398423 535253
256874 934480
525150 986309
769374 89814
173705 279739
357564 669524
72956 416765
846092 999004
152786 671258
829298 705021
413148 805909
177401 987282
294279 576228
368660 408060
987425 796089
790248 874079
304183 292964
431744 117442
698455 140425
614203 661307
251813 779470
517112 99580
300392 26029
837697 244619
803593 845324
215341 292310
659694 542480
630260 163081
976135 482693
563161 963899
887113 367437
242531 792079
749114 641780
44870 595130
864416 802159
237992 232235
153141 276670
745090 491991
327434 186884
146896 486518
727391 532183
499228 271814
194054 430408
386454 830079
914141 155604
297686 129072
651274 835227
688276 763811
704305 112094
738854 105857
131943 454695
833796 363916
310992 991793
581193 34652
334760 896644
217688 341966
218018 608316
275526 835281
516506 399126
989091 195339
251969 776323
829627 106085
423712 56393
95772 151299
680070 623158
424920 188414
820798 755328
502996 354478
960092 492919
321197 177096
154998 523692
830641 818906
769228 375500
720128 962358
670006 36533
923768 866327
110478 166446
196042 690376
645101 34719
667287 213590
130098 326972
715757 630621
478621 946914
598301 630890
452446 27858
211969 265459
18466 565157
254026 436889
444408 628075
13819 469533
880783 666746
558110 642244
737347 894688
618850 998077
51509 991062
9910 797268
963001 612516
295585 46942
902876 359746
318275 450344
26642 625133
526826 910125
260118 909650
619671 876471
219005 743028
207768 221622
329609 738773
945097 245771
611886 378891
747625 752368
233042 734091
891605 247219
232449 828313
154805 761105
123322 699125
397067 410285
617562 930985
621358 764720
776224 991744
430279 227067
823738 277004
241525 825835
911651 38117
747790 977148
668364 908838
249681 443097
863345 8467
748707 232520
473189 112635
557599 572620
704105 707820
28400 192675
543358 268102
519017 792121
134028 22972
455001 159163
890353 697649
667571 569589
959541 31696
704839 457813
49156 289190
804508 742152
740554 696544
326999 709514
748576 23798
182460 533516
751954 798476
560620 902693
653859 427001
95805 653544
37485 164318
437701 78859
665973 753151
332035 629799
306489 610435
952136 602722
197178 588367
190348 766184
607941 721704
331988 660406
34241 338180
397058 402427
57885 434077
892585 702147
924590 704078
356441 115820
585895 132706
616473 23847
271233 469781
223309 127987
481752 745223
782708 546098
643025 639160
719476 654357
289923 154620
507529 635717
178844 194294
244177 106132
711946 671674
644489 313597
257006 616795
442587 821395
918716 901458
165637 707116
1177 783757
459987 262591
250203 950091
825815 322701
740230 826929
29127 21556
742254 913208
369389 909306
608960 998118
797559 653825
376802 181374
221368 615817
806113 153431
851667 552263
653848 269262
920252 191972
686567 247662
824711 353423
218812 900913
733543 3222
480708 164490
689481 323986
391481 754735
797605 345920
746640 825655
256550 617187
743756 441524
724262 993326
505257 655871
291374 448134
421916 507735
542674 894079
662638 604239
214164 129452
988302 126464
609743 259263
758240 166376
677177 751600
603191 567035
364015 665996
611455 580036
237932 735607
416174 814372
877178 620019
230299 482513
224792 423611
335319 414954
451524 796538
582860 355776
79969 36260
543656 7127
608856 740082
617761 818781
219076 891392
915611 451044
875515 492648
664417 469699
108630 354109
285046 802298
383728 582061
270004 809188
882792 833118
212598 953942
506151 893657
386135 215545
883611 409145
376286 732828
237408 427918
326409 594701
257138 810589
129901 139625
924472 568074
497864 135024
109249 266583
146217 787723
41054 289306
216902 192819
722378 302102
676956 967485
690911 423433
581219 478285
433263 944005
595092 851093
763133 104055
949321 763396
920502 754243
399443 244262
45324 180886
690973 373790
199900 532321
304694 982522
988811 593085
428566 531099
924834 243483
455900 280077
899190 856830
809634 302481
159254 466262
144261 491412
689217 427348
264157 668959
831829 599583
19023 775695
851720 690883
558223 293348
185255 823065
386964 376986
574554 163122
368151 370824
404815 723219
326799 228780
673682 591758
280224 209288
73209 993047
739480 129580
528479 530653
253174 149115
904081 553936
918431 812826
797736 215015
680064 257176
639344 811271
492373 87629
357198 230152
494419 408237
752079 324623
462864 159047
806978 107
581705 391250
379498 111631
555685 694362
638467 484603
245438 296687
579516 601950
711556 383500
245155 21140
955852 61523
708809 75543
5846 113138
969379 829328
854515 924121
360673 383545
983863 760724
917126 627595
126427 58568
206682 630095
33840 791381
936917 696399
655253 113984
200648 95152
22882 80145
67196 846267
391564 314783
736303 283956
503110 769891
315532 387360
57738 210980
650498 422733
848455 992152
861055 998325
852055 884942
896585 517424
96455 716175
447458 233721
742048 206092
964225 20348
546950 219406
942217 607771
481599 127564
1824 557466
728003 551236
832032 282789
563431 731838
250664 568175
525722 300438
127579 169155
299071 367407
324786 308563
65634 902273
966784 111478
912214 432730
135712 272605
223627 68492
845353 924610
724930 258150
511230 444022
419446 633373
841892 801340
503607 250062
897812 967336
724787 926503
916569 4977
220800 518617
271995 50761
367366 408254
204311 35616
578390 642131
726725 136717
200174 421924
639561 181879
531091 316326
339795 691693
642183 845033
55980 852184
416727 624926
138269 846234
250658 197697
201955 930500
927683 798011
512977 436532
498169 424137
616152 275244
76632 840185
59368 919305
895157 340337
444270 434261
786014 224252
945995 340242
549485 735536
613426 457745
27061 826949
320189 481647
290142 979207
234146 680965
852693 852113
496809 56653
195589 567289
268970 771655
720014 702455
129471 80798
374389 766126
407636 398644
485357 888294
459325 711681
969218 400632
936930 675948
3449 522986
263867 509373
674976 298913
364820 303967
57356 810365
613120 745380
931877 28467
772490 771021
429892 399687
721164 590912
572579 478612
178994 685893
136909 32068
332121 926791
537372 154735
226918 412494
420821 670133
927333 290640
570937 390372
436881 937203
699864 832327
691430 573810
896614 20523
354553 697036
238236 206358
968742 429384
23465 249446
46278 157673
637815 101420
265383 325981
642663 373112
227953 488630
574550 370487
263839 13688
681744 366886
783007 540986
961293 301651
333753 793352
970669 844750
677715 765477
500127 492200
718116 953277
13535 331417
164742 9993
32650 898701
591295 103123
825369 621673
225281 502586
866887 28610
289555 590245
429079 675465
918582 687710
578428 486192
902288 917594
940090 818323
671053 114819
214298 837152
824365 234344
748199 216662
893326 294968
154727 857414
927797 42560
808035 881457
522840 768054
314832 936632
349514 41829
776921 186238
139202 411135
281301 225349
522330 205586
158819 408870
158392 501690
695178 27014
395797 704927
978586 289909
843764 821287
392163 885762
223403 793783
185915 55935
17830 322290
764449 749545
760042 159377
312337 268439
576856 501593
970803 43322
994826 754053
896223 570454
709306 329191
842208 70888
506765 343403
79249 403980
151122 403130
858910 282745
994003 838321
234632 995627
100397 599566
50257 938454
802844 585935
694245 323040
597161 984884
405794 686405
31631 426667
994707 995947
41338 656161
821786 950357
965469 856002
113756 438882
541755 37876
756100 1071
59688 313170
462770 133622
620496 140996
144783 688190
846948 920009
790207 611091
262246 686087
736219 221010
306443 747966
323951 199775
494874 985407
426377 392205
353195 164274
459142 974610
537466 862341
742274 14305
440888 346006
771791 861411
933800 210342
198185 126094
960817 192299
659924 5520
242848 512795
69698 162497
15810 117518
78423 237248
356206 559290
138122 656880
682744 310193
284258 240597
43153 931220
904660 710314
885719 908487
979918 939717
181754 468884
840625 715972
198636 190545
656966 978457
512121 736695
530290 963681
662579 626915
698958 207897
188679 930477
473335 739586
163993 697335
186516 440852
109627 147937
289781 148764
964831 439365
133718 709687
110910 270381
931426 925408
781230 950913
615739 829758
725958 224253
284684 797088
36681 919863
369540 426315
979761 839372
490064 312725
82310 138622
955707 808654
663212 715103
364433 886478
715137 861825
873399 285079
5512 148559
743464 747967
705554 602747
333414 996850
473645 3388
286404 155885
102245 825279
417451 214644
183694 355933
48618 500985
257526 384373
652 896529
261198 410307
259838 452198
488494 869686
963013 452273
311607 727224
143362 175447
443655 831587
895201 407057
525048 375188
465742 537403
976294 455975
666188 239413
530915 892856
396843 492641
37234 654043
12191 814819
676280 326691
313063 448387
387624 177159
699166 532021
832796 151738
54205 321445
486944 346058
696556 199907
277387 304331
561081 685747
991588 923169
673221 386754
540708 77934
83052 188246
736450 590188
893915 771882
852536 153943
100602 109091
232650 551466
305941 379571
448791 805801
668640 301126
841942 74
135523 801734
560437 403881
248349 388012
489975 514142
278758 948082
332013 242587
500896 381876
526957 714643
428171 51627
182057 138692
821357 928301
397513 230532
538083 987567
653783 704941
131109 560590
346360 35242
997413 293421
199290 871452
683881 691272
43390 214182
13110 382654
279785 693202
245327 620187
639581 145267
696628 795064
355684 575371
502729 759
916141 968182
428335 101961
351896 367979
847117 397957
422692 378354
189110 565064
294390 796670
596497 658274
290092 764403
482070 13932
521179 435345
836812 475083
320932 6948
347395 29205
76863 566567
106877 979707
181571 897107
89277 430522
491174 917113
509024 484509
716722 668882
955396 762480
847014 274360
673835 465198
702797 508507
447020 343660
802625 3093
833431 298820
30178 211305
76450 839746
856637 887649
730741 190581
295712 359772
372574 408567
706857 646476
65169 669537
61628 743872
849900 484079
283081 734376
489516 96142
158596 126694
496732 104639
26891 42701
986173 527540
684699 221644
785002 175950
920032 980310
361541 460689
997666 624805
887886 570405
705548 281094
509096 735455
231368 119060
467852 521009
588269 347439
467065 443416
748478 797931
535073 413834
324571 543124
373341 311595
308570 712746
170620 377172
758375 179779
621569 556249
266721 456734
557025 881608
80801 222945
588236 622554
171333 397688
21665 788587
61731 357423
198663 953364
63991 878153
384938 874573
314426 719359
84429 393601
800906 111792
163136 711046
463429 21955
530598 240679
223398 416699
223021 840079
454652 56226
601382 277035
957802 222446
798119 295000
777599 775451
53645 988850
804893 452048
629306 477330
892981 877445
640033 778522
940705 749353
918296 89904
458605 668035
247294 357053
135907 689338
728644 287031
976372 565635
326473 701598
709509 938509
488607 815711
764629 817887
615878 813628
860815 47714
808376 147688
803849 624537
766954 491964
92930 847739
160577 688419
813037 847483
189421 747483
954497 27011
805678 817958
734749 416160
265866 176215
628854 173104
965592 128258
657556 495078
294411 888760
620499 13993
333815 443972
676732 315618
798436 567595
215862 774021
287882 51075
219931 507502
674036 411501
35394 565682
741556 208264
699337 760583
449336 427168
515793 385834
565961 630469
176133 894396
146044 120434
4086 549030
202168 58107
402064 215047
440454 982025
849690 428634
430182 668867
818268 188488
23114 776303
310224 621100
138092 318880
245655 91830
372412 298346
811152 552364
7991 581573
919800 319248
622345 554601
38756 473085
