1000
57 32
48 30
98 95
24 93
41 25
26 42
54 36
93 40
12 16
68 58
24 82
60 64
15 90
8 52
27 56
14 58
21 85
90 83
86 48
23 59
34 84
55 12
71 6
28 30
31 71
73 46
63 33
10 48
25 41
64 78
81 2
34 67
81 49
25 40
19 35
90 56
44 72
31 42
36 69
10 63
74 45
85 28
97 24
85 89
38 82
91 24
20 72
89 70
89 10
58 95
22 86
39 34
9 55
75 63
4 53
0 19
24 68
99 52
4 65
67 67
52 73
75 86
88 89
59 93
91 18
39 17
7 76
28 97
77 64
56 48
63 72
6 74
75 59
57 2
53 100
87 66
32 55
7 4
11 41
83 6
85 32
58 94
63 47
56 3
49 78
77 56
50 22
24 70
79 56
29 27
63 43
98 37
41 24
98 94
34 4
22 6
67 93
88 26
47 77
87 70
16 22
1 23
41 2
47 19
30 32
79 9
12 45
48 93
62 8
14 89
2 72
31 93
71 72
18 88
74 42
75 73
18 62
83 68
27 66
51 100
66 27
25 43
66 29
78 46
44 57
91 13
57 23
13 94
23 12
34 45
70 48
20 73
94 59
3 84
70 79
13 61
29 57
84 61
98 13
75 28
23 60
25 91
85 4
75 35
30 58
36 27
88 48
28 92
74 86
8 26
30 84
98 24
77 30
73 62
27 10
83 0
28 47
25 45
9 44
33 81
52 22
96 64
56 21
94 22
99 29
4 20
17 92
17 1
84 27
24 63
2 20
5 19
66 2
51 4
97 38
31 40
92 28
2 64
53 12
50 38
21 9
12 52
44 23
99 76
80 22
25 61
54 20
41 82
72 81
8 25
60 51
9 7
43 47
3 3
48 11
34 70
12 93
33 85
0 88
36 51
36 6
70 80
19 39
87 30
72 19
26 93
53 33
42 65
82 2
74 99
34 36
43 27
32 75
54 68
23 78
30 11
42 17
43 42
11 12
66 80
51 88
41 77
21 21
52 8
7 3
46 71
92 64
64 100
16 63
33 30
73 35
45 42
56 41
54 24
30 95
89 56
14 7
67 62
16 91
32 61
76 62
13 9
64 23
10 81
99 88
72 8
88 58
99 57
33 46
44 27
0 68
29 84
78 99
16 39
62 17
72 91
20 26
78 19
83 91
54 12
67 71
38 75
16 49
72 80
91 45
53 15
79 18
91 97
41 4
43 75
84 69
2 4
61 83
11 56
19 67
33 8
25 70
20 91
37 44
54 85
94 53
80 98
54 96
78 34
67 75
7 92
14 90
49 92
75 44
1 5
27 6
96 97
86 89
66 24
82 92
98 89
42 91
95 54
1 93
76 77
55 21
3 22
16 83
64 37
8 95
38 10
98 16
59 92
65 50
8 7
29 20
84 52
14 41
57 68
89 64
64 65
6 28
48 37
7 40
29 49
68 79
13 10
75 47
14 11
84 34
62 18
77 47
72 18
92 57
19 54
90 10
54 63
52 39
61 48
49 81
90 89
41 50
53 40
57 29
93 7
98 9
40 89
38 9
32 88
89 61
81 37
65 47
82 17
38 28
17 56
26 66
16 87
64 90
93 34
20 29
58 16
43 51
68 4
39 1
67 41
41 7
14 22
9 66
85 14
85 12
35 10
56 43
36 59
41 56
62 52
26 46
25 42
21 33
5 71
76 16
50 70
23 92
25 74
33 49
50 78
94 61
26 52
77 100
61 52
72 70
8 49
89 96
40 41
38 0
33 92
6 34
70 35
78 42
25 38
35 5
91 73
64 19
73 82
83 16
26 63
16 92
1 59
89 6
85 43
39 38
16 73
88 6
28 42
26 45
50 13
67 30
72 63
27 42
49 18
37 18
59 42
45 39
83 95
8 9
87 99
74 74
97 50
41 26
76 91
57 58
74 77
41 5
17 66
66 88
74 5
70 60
58 63
18 57
29 39
20 15
52 60
11 9
58 89
34 2
88 0
94 41
76 84
26 43
86 86
51 29
54 35
94 63
79 96
34 73
48 57
33 63
34 37
23 3
41 59
45 77
26 29
86 63
84 35
25 71
87 27
78 8
87 60
75 25
5 41
8 21
94 25
3 44
94 15
28 58
52 94
63 95
5 87
32 46
82 99
28 86
76 85
67 55
39 54
41 66
94 67
52 53
3 37
30 29
91 28
7 55
37 86
5 31
96 20
61 18
25 34
27 93
21 5
91 99
28 48
27 84
91 19
87 57
100 59
53 94
74 67
25 19
68 0
54 81
36 83
27 2
36 16
85 15
76 35
2 96
39 19
17 50
70 9
80 81
20 88
17 54
54 84
22 57
0 44
70 46
12 30
69 36
14 91
43 88
20 95
46 80
25 26
60 63
34 62
31 84
84 25
82 30
2 47
15 65
39 15
28 66
64 80
30 76
37 14
83 43
39 95
67 5
76 60
40 60
64 12
25 15
76 40
2 14
70 20
26 94
87 29
54 69
98 81
80 79
44 63
96 43
20 75
97 63
73 65
54 99
16 26
51 24
12 62
67 17
37 51
56 87
29 56
81 36
93 47
28 35
77 39
67 45
71 7
33 38
16 32
6 80
34 99
68 83
81 78
7 5
86 99
63 0
70 54
33 17
60 15
63 78
97 16
3 91
32 84
17 39
25 46
65 83
81 58
35 90
83 21
29 6
37 46
43 78
85 21
36 40
98 90
57 69
88 80
70 81
67 70
65 31
80 12
94 10
74 15
13 57
46 60
5 92
19 99
8 13
6 55
25 10
8 86
77 17
92 50
82 27
40 96
53 77
75 77
74 84
35 32
89 78
81 47
23 90
78 13
67 95
78 44
71 3
4 78
46 51
55 26
0 83
90 45
94 96
12 72
0 28
33 70
13 53
65 10
1 86
71 29
84 76
26 41
7 10
85 58
92 42
23 83
10 83
4 43
69 5
19 86
57 87
22 68
91 62
27 100
92 77
93 3
41 45
96 68
16 60
28 8
5 4
92 80
60 72
6 60
29 43
43 94
48 23
49 89
84 44
4 25
8 51
91 46
27 21
93 54
30 21
94 62
29 83
11 19
5 76
33 3
78 70
12 83
35 75
22 62
82 71
96 24
31 45
20 41
46 86
24 60
0 45
45 18
20 82
63 4
66 94
40 45
30 66
97 54
49 1
3 63
53 2
22 92
72 96
97 96
10 34
51 47
86 72
2 61
49 33
21 83
17 58
32 35
48 65
7 19
56 38
65 97
68 74
32 20
90 4
33 2
18 9
35 59
91 72
12 94
36 47
65 60
59 91
42 7
69 100
59 74
0 32
44 59
81 8
40 4
7 31
20 5
32 15
26 13
23 26
83 70
57 84
85 48
89 54
23 76
19 42
78 0
41 53
72 36
23 61
34 53
83 35
51 13
13 81
33 24
60 25
70 85
60 4
22 28
100 85
5 79
100 96
69 61
24 75
78 47
10 75
88 44
83 74
75 75
89 41
53 10
36 12
71 67
55 18
77 38
60 10
85 50
86 94
41 86
94 49
8 6
95 99
20 48
99 30
92 68
99 70
62 48
66 67
96 74
82 9
70 18
93 97
44 43
3 8
92 92
54 80
77 70
100 75
6 18
34 5
12 96
11 74
22 97
69 21
47 10
80 90
8 94
30 22
36 73
45 57
6 53
38 30
77 54
77 50
46 38
31 58
6 88
76 14
12 91
18 28
44 10
88 30
89 36
99 90
85 23
65 25
95 98
92 96
12 57
65 0
94 32
94 12
38 99
56 24
27 96
11 6
65 23
44 82
78 73
69 57
29 42
0 1
58 73
3 42
78 80
20 10
48 77
83 57
89 48
61 21
95 88
11 66
100 17
76 8
61 73
17 77
75 8
37 49
65 92
26 16
81 92
11 38
97 59
36 77
81 52
56 62
3 54
4 12
33 62
76 0
21 55
48 59
70 2
41 44
37 98
26 7
65 57
42 44
89 75
26 89
5 20
62 26
81 54
7 53
98 80
80 93
2 52
36 53
42 67
64 49
14 12
7 93
9 35
29 41
8 73
44 92
24 67
94 30
99 62
5 50
34 82
14 50
50 37
41 41
42 34
8 79
67 57
5 86
91 43
31 91
65 34
5 75
63 15
15 24
96 71
42 22
62 63
46 100
78 75
95 85
10 59
37 17
2 59
14 61
61 97
35 15
72 12
13 52
27 59
29 85
26 32
79 29
58 12
56 88
80 97
34 22
16 100
2 12
86 82
87 88
86 30
96 61
66 0
3 88
94 5
14 33
40 98
96 41
23 13
0 99
48 100
65 8
41 54
83 17
4 37
93 88
52 84
39 35
13 95
57 0
32 27
73 13
3 26
33 91
77 81
23 41
41 71
51 36
54 17
0 37
26 37
97 35
12 85
69 12
45 11
50 61
77 85
96 73
47 63
52 40
7 69
8 71
84 84
57 22
20 27
82 60
54 9
93 85
26 26
7 75
53 67
31 74
4 47
0 42
76 52
78 86
61 58
98 62
57 57
38 87
28 81
81 23
100 39
24 11
75 66
13 16
94 8
69 62
8 61
99 74
78 82
10 18
39 99
51 35
29 21
77 93
24 62
88 49
2 30
82 70
86 65
18 56
69 88
84 5
27 49
2 86
13 12
71 98
96 95
35 68
67 86
95 25
83 12
15 12
87 69
1 50
52 56
88 52
91 48
85 10
20 65
99 89
75 93
86 31
17 76
54 13
83 96
47 58
100 63
35 88
56 99
35 99
80 14
23 86
74 53
97 20
18 20
57 56
89 95
48 45
94 42
10 84
41 80
32 54
76 92
32 65
9 49
100 87
33 100
28 98
48 54
23 18
89 86
37 75
25 86
33 69
100 26
67 13
13 90
54 32
56 31
73 55
84 80
100 61
68 14
13 78
96 93
82 72
4 8
6 96
65 49
45 61
93 45
1 65
21 97
17 2
86 100
46 15
75 54
95 34
51 21
72 64
34 27
84 17
19 23
43 84
13 13
19 0
81 25
82 96
80 69
22 27
82 37
55 68
35 36
16 82
7 90
65 56
27 27
17 28
90 57
21 51
32 45
43 99
77 58
96 36
45 88
13 28
84 55
30 48
59 31
87 82
9 58
100 46
48 24
67 33
42 70
41 67
20 85
42 92
29 99
16 13
1 7
63 37
43 81
35 82
73 80
17 80
53 6
75 56
33 51
92 97
39 40
10 24
57 5
28 22
83 5
93 4
65 13
56 59
34 58
33 96
37 54
2 100
65 61
51 27
99 23
22 76
7 79
99 84
56 33
40 15
73 9
30 54
63 68
60 45
48 19
53 20
74 9
12 6
12 49
63 89
40 36
60 68
52 68
29 93
75 51
22 72
61 37
61 68
10 13
78 48
66 26
65 41
35 53
19 66
32 53
55 80
43 33
7 85
91 60
81 68
33 82
89 30
90 66
68 25
8 0
90 54
9 70
53 19
69 38
38 90
91 89
66 35
0 89
97 17
90 41
16 66
79 54
10 66
39 36
88 22
53 7
57 70
76 25
51 34
16 65
57 80
91 41
86 69
97 60
60 65
55 81
12 100
2 49
21 96
91 16
79 43
11 62
31 79
20 67
13 79
47 67
64 95
28 36
10 35
18 93
30 35
24 87
72 35
72 100
100 8
50 12
100 9
70 34
43 87
50 41
48 82
19 41
84 50
90 17
12 14
27 74
17 31
78 6
100 79
86 41
47 51
63 59
57 44
17 64
49 67
68 10
73 37
12 73
57 39
74 65
15 58
42 55
100 51
54 38
53 71
29 5
7 16
12 27
86 71
48 48
43 43
10 23
87 74
48 27
15 42
3 73
97 48
24 47
41 73
48 25
100 12
62 33
62 49
72 67
87 75
79 95
34 56
52 31
29 22
50 98
58 88
24 97
33 13
42 43
28 43
64 72
48 20
40 51
31 75
5 67
92 46
90 9
42 75
18 89
73 92
6 49
100 34
18 70
10 17
94 77
77 92
60 5
70 89
89 15
12 60
60 88
75 62
85 74
57 90
56 35
37 30
15 80
1 63
35 27
91 79
30 64
81 44
70 43
24 100
4 40
4 72
75 18
47 20
84 91
35 41
24 98
97 82
76 33
30 77
9 61
21 31
66 17
61 12
51 92
98 39
56 40
24 36
60 94
41 30
26 5
13 11
95 50
73 57
84 64
86 53
74 61
27 12
29 81
30 40
42 35
7 45
55 6
18 2
28 64
22 31
96 34
97 27
52 6
25 66
98 51
13 68
50 25
1 96
34 32
51 11
73 85
36 72
31 38
33 71
55 97
98 79
12 3
69 72
54 67
14 0
1 92
90 51
93 61
30 70
38 36
44 78
66 97
14 80
99 50
87 4
4 90
49 79
56 27
38 74
97 14
15 85
21 42
36 49
82 51
6 22
50 47
16 19
8 57
57 50
30 88
50 45
66 89
46 57
1 36
21 57
47 1
20 63
4 68
73 32
96 9
85 92
83 39
54 45
48 81
3 7
43 34
22 66
95 1
0 40
95 30
45 20
12 20
64 93
80 67
40 99
79 68
51 74
72 97
69 17
35 74
63 2
79 7
61 19
25 93
29 87
59 76
92 73
68 71
45 58
54 11
77 89
85 95
85 3
7 96
18 92
89 63
63 18
53 3
45 63
18 41
66 42
83 45
60 42
84 51
6 52
15 20
58 83
8 70
36 63
1 24
54 53
60 77
67 52
34 24
0 55
4 34
22 29
65 89
84 39
44 5
44 3
3 89
63 9
18 52
25 37
100 64
37 55
98 4
18 95
10 70
72 66
2 44
65 2
0 52
68 73
84 94
24 66
96 45
23 63
6 41
73 40
42 61
30 83
26 44
17 61
15 56
44 7
39 12
33 90
16 34
51 61
64 53
98 96
84 28
69 40
44 44
62 11
71 21
48 70
43 57
27 79
63 84
38 27
60 84
60 30
99 42
10 67
64 10
23 70
63 90
8 43
58 11
98 100
87 1
39 90
1 27
40 39
29 60
36 64
28 19
76 19
17 69
53 34
32 68
73 50
8 20
2 70
71 28
65 94
14 100
37 66
5 12
53 70
98 14
46 52
60 8
100 37
4 15
13 56
62 7
52 18
90 0
41 52
9 17
85 18
93 51
23 10
7 41
31 88
52 76
80 55
73 73
30 0
59 9
39 18
69 76
75 3
100 32
16 52
30 81
6 27
91 0
83 80
86 59
97 39
91 98
75 53
31 28
82 23
52 75
94 47
15 46
58 71
89 38
70 45
8 50
17 86
71 86
22 24
51 95
4 11
16 70
71 24
68 5
47 94
14 6
77 63
40 69
33 50
9 94
41 100
58 34
60 32
2 50
67 36
48 68
54 50
58 3
31 22
52 2
44 22
11 33
86 70
86 3
96 66
77 5
96 58
46 90
50 75
11 65
35 18
0 11
56 78
58 54
0 82
27 89
96 85
38 59
93 38
22 4
3 13
6 30
77 35
99 80
54 74
50 20
35 72
56 29
7 62
89 52
77 2
79 51
71 63
77 62
79 92
28 76
2 94
27 68
14 42
64 14
55 23
64 3
26 78
16 72
87 10
74 28
61 84
95 96
69 43
31 100
32 34
19 51
42 3
43 56
66 14
67 63
91 76
74 57
33 21
19 69
14 10
28 32
91 54
34 34
61 92
97 93
58 79
32 97
2 75
89 60
57 65
62 46
77 20
99 98
3 80
49 98
0 92
43 38
20 30
39 67
18 31
75 34
60 49
78 29
93 20
17 45
87 44
81 19
60 48
74 25
85 56
37 72
49 72
21 65
72 34
35 37
14 78
31 54
55 24
85 72
34 10
74 40
44 18
18 8
57 61
65 21
39 65
25 8
62 65
54 48
45 3
51 84
93 50
42 40
30 39
21 4
46 1
91 84
10 93
70 32
48 98
55 13
8 90
55 43
17 27
53 36
51 58
35 83
33 37
72 68
8 22
71 44
97 23
26 6
55 90
49 56
53 38
82 53
21 92
89 90
45 49
31 1
15 0
38 69
5 72
74 41
81 1
44 28
26 18
62 55
23 52
10 39
85 63
62 34
46 70
69 53
43 62
70 21
57 60
35 22
1 48
31 17
62 56
58 15
17 16
55 67
57 93
0 90
82 31
15 91
96 13
60 76
80 26
52 41
26 87
70 26
82 75
23 96
14 59
64 64
56 7
61 46
9 24
69 39
88 3
68 43
36 33
20 55
18 27
70 70
12 74
58 51
89 40
15 92
1 14
2 19
35 55
98 78
93 55
67 80
51 20
92 79
95 94
74 83
39 66
20 83
3 25
24 79
59 80
37 48
30 27
36 98
3 43
17 26
29 97
35 69
51 99
82 6
89 97
48 60
76 30
11 8
93 11
23 57
52 45
68 9
79 79
59 5
51 59
76 38
54 55
31 60
95 17
39 55
86 24
74 87
94 87
67 18
39 48
0 70
87 50
75 39
94 75
80 52
72 9
98 50
98 63
95 9
97 61
51 17
71 15
18 18
64 44
71 96
38 18
67 34
22 83
57 16
85 86
65 71
43 20
27 87
37 58
22 22
46 9
59 23
82 93
66 99
50 85
61 100
69 96
76 39
82 36
26 86
74 70
85 22
96 4
33 10
59 96
11 36
9 3
20 20
74 60
100 44
40 12
94 24
40 100
23 9
67 89
87 47
61 3
5 56
13 8
4 95
30 28
60 13
41 91
23 25
68 94
80 99
49 12
15 15
27 18
19 31
9 21
83 54
6 82
71 91
41 27
4 55
30 45
30 51
48 88
51 2
72 45
7 67
72 26
93 22
34 100
38 71
98 33
88 5
55 61
75 31
72 50
79 52
38 29
56 0
58 77
34 79
91 87
34 83
28 59
42 88
34 30
91 8
61 87
39 93
40 32
19 96
86 5
82 64
38 11
35 35
86 52
49 62
43 31
52 12
92 36
39 63
55 58
70 29
90 44
18 79
49 5
38 55
71 46
4 21
94 92
57 96
