100
0 700815
0 135327
0 311867
0 3759
0 605167
0 429434
0 817639
0 948156
0 992622
0 401032
0 746570
0 738297
0 699917
0 593389
0 649702
0 474071
0 868895
0 600068
0 170092
0 426243
0 823846
0 818394
0 187146
0 181803
0 792138
0 303930
0 509975
0 418333
0 908610
0 284098
0 932316
0 196175
0 183752
0 440022
0 396869
0 102043
0 82833
0 794328
0 669030
0 960973
0 186479
0 627421
0 363709
0 286651
0 368627
0 721795
0 70127
0 5927
0 639580
0 898971
0 310910
0 170871
0 626316
0 551558
0 169919
0 217305
0 662228
0 766638
0 368696
0 649734
0 303775
0 117513
0 484597
0 655352
0 759864
0 567067
0 640420
0 17269
0 528176
0 187508
0 823195
0 592143
0 746223
0 806797
0 414291
0 932939
0 184641
0 395692
0 877937
0 806163
0 182887
0 342313
0 763857
0 327284
0 561124
0 82371
0 918329
0 946726
0 565547
0 611019
0 763977
0 777450
0 747815
0 653461
0 868504
0 325701
0 96791
0 112491
0 6165
0 233449
0 868225
0 474078
0 726821
0 275860
0 841603
0 690449
0 102829
0 209654
0 151179
0 829679
0 672792
0 670596
0 938914
0 693900
0 680823
0 483061
0 972583
0 877767
0 573311
0 206066
0 433629
0 760974
0 212542
0 162119
0 185464
0 700206
0 650486
0 224108
0 728968
0 608336
0 823520
0 645144
0 342894
0 593732
0 165063
0 922033
0 336142
0 994031
0 165238
0 598048
0 477187
0 18293
0 494281
0 99635
0 310691
0 277723
0 479845
0 550625
0 371497
0 242771
0 434852
0 181979
0 320064
0 507176
0 211069
0 528433
0 355792
0 53321
0 912204
0 986615
0 432411
0 836308
0 654421
0 650786
0 999910
0 934385
0 316326
0 497701
0 197237
0 155424
0 641325
0 171589
0 229415
0 976521
0 956746
0 172420
0 31981
0 825881
0 177350
0 613781
0 515946
0 339431
0 27920
0 629457
0 535058
0 271690
0 949581
0 14483
0 639970
0 371281
0 678096
0 205175
0 387504
0 506385
0 668581
0 991278
0 535403
0 423896
0 914312
0 411714
