1000
0 810099
0 126460
0 626263
0 544783
0 714959
0 975659
0 672094
0 38560
0 266002
0 436291
0 445243
0 773734
0 186510
0 160152
0 870131
0 161345
0 191952
0 400932
0 820342
0 25982
0 843520
0 709493
0 312222
0 141841
0 566503
0 387909
0 500560
0 371594
0 372358
0 339619
0 872684
0 993388
0 701401
0 641263
0 34311
0 430596
0 491060
0 255878
0 884458
0 635945
0 403793
0 513381
0 371286
0 293568
0 645485
0 727673
0 810022
0 942579
0 339146
0 728978
0 801787
0 773712
0 499527
0 728695
0 756524
0 245690
0 93930
0 869782
0 523175
0 297140
0 820647
0 705042
0 165615
0 715783
0 896519
0 360416
0 440771
0 510115
0 961150
0 903430
0 977560
0 223923
0 474557
0 955281
0 39760
0 173362
0 78857
0 890948
0 99547
0 796031
0 210470
0 698282
0 693772
0 58329
0 853414
0 9646
0 222779
0 431512
0 475352
0 883827
0 842247
0 479656
0 995268
0 426040
0 776666
0 615017
0 970844
0 118093
0 325831
0 435120
0 163612
0 186551
0 440003
0 778760
0 809754
0 463467
0 705198
0 980836
0 604384
0 969943
0 699745
0 493922
0 841850
0 715923
0 253366
0 916067
0 9317
0 185434
0 881920
0 307268
0 598055
0 93763
0 308796
0 356853
0 484457
0 14155
0 103947
0 109658
0 767526
0 631220
0 549200
0 707018
0 867750
0 487958
0 588830
0 370997
0 783561
0 623627
0 773285
0 194826
0 917481
0 804838
0 780848
0 774292
0 604212
0 840817
0 204309
0 412221
0 323043
0 522170
0 434797
0 187704
0 17742
0 404658
0 531317
0 377201
0 307868
0 92588
0 134573
0 702156
0 64193
0 519717
0 515628
0 205145
0 20417
0 483072
0 505563
0 720905
0 522301
0 571888
0 287611
0 502032
0 123439
0 536808
0 58792
0 658751
0 524506
0 274706
0 844886
0 737649
0 492687
0 715663
0 166954
0 842952
0 931254
0 808786
0 752525
0 192176
0 172624
0 924006
0 229191
0 828131
0 92950
0 582666
0 575609
0 548324
0 970302
0 240828
0 36987
0 545348
0 587373
0 22619
0 932846
0 299037
0 725264
0 454023
0 829470
0 385042
0 915122
0 490539
0 745482
0 507664
0 480806
0 707490
0 475957
0 555499
0 995
0 311204
0 738442
0 749934
0 845448
0 718912
0 402519
0 29817
0 399212
0 591774
0 504304
0 169986
0 821594
0 863082
0 178187
0 226193
0 670440
0 121456
0 801047
0 15332
0 469502
0 841093
0 687623
0 318055
0 154208
0 330243
0 63222
0 547141
0 112665
0 713904
0 15905
0 675827
0 645201
0 223590
0 637406
0 728247
0 956040
0 277891
0 861398
0 343349
0 370694
0 206893
0 90412
0 128972
0 876159
0 266577
0 686350
0 822927
0 598920
0 769051
0 822419
0 290706
0 890080
0 354083
0 363888
0 498167
0 520635
0 535303
0 999683
0 647305
0 669408
0 198980
0 23991
0 364857
0 587368
0 156105
0 933195
0 381680
0 536020
0 433447
0 771779
0 257380
0 248693
0 781929
0 802823
0 502140
0 332169
0 71021
0 632173
0 986998
0 520848
0 706926
0 822244
0 627442
0 701617
0 483677
0 233659
0 405255
0 158346
0 766780
0 740333
0 717488
0 107384
0 396766
0 713614
0 195677
0 565068
0 58909
0 646556
0 22958
0 445977
0 764513
0 207622
0 57232
0 807578
0 873952
0 173914
0 134005
0 462644
0 899571
0 771255
0 230969
0 170500
0 801059
0 993718
0 611652
0 810795
0 162599
0 667297
0 770505
0 381189
0 161046
0 837585
0 696053
0 658205
0 653913
0 986213
0 222620
0 479011
0 901705
0 317231
0 906966
0 5646
0 559501
0 744339
0 930223
0 178657
0 40844
0 174126
0 280433
0 305184
0 993974
0 988219
0 689020
0 679784
0 9031
0 174113
0 509685
0 576157
0 71182
0 521941
0 586436
0 749471
0 321759
0 37898
0 205896
0 280665
0 947775
0 570106
0 165739
0 532086
0 305585
0 654029
0 878713
0 543957
0 426205
0 621526
0 589887
0 547812
0 334551
0 137533
0 654618
0 893844
0 304786
0 934953
0 740340
0 576612
0 798364
0 792820
0 688409
0 237914
0 270889
0 425478
0 689279
0 819221
0 830496
0 180734
0 479000
0 312788
0 465374
0 790517
0 263456
0 818793
0 974442
0 262137
0 198529
0 534544
0 315004
0 396120
0 303253
0 461057
0 549201
0 821583
0 916590
0 881136
0 404987
0 344188
0 523272
0 81681
0 27412
0 884077
0 6305
0 863822
0 69480
0 586937
0 156319
0 806335
0 485536
0 669737
0 35786
0 968291
0 793391
0 923622
0 520842
0 382877
0 321222
0 246582
0 294429
0 67959
0 932077
0 575023
0 250137
0 865646
0 688376
0 840767
0 931369
0 247366
0 557151
0 817308
0 228206
0 240263
0 159815
0 84265
0 386019
0 555023
0 656081
0 447495
0 792689
0 864768
0 932115
0 77044
0 606664
0 532558
0 841892
0 735298
0 152486
0 769881
0 673655
0 133243
0 205361
0 845304
0 416475
0 866909
0 136416
0 744052
0 830370
0 634349
0 445503
0 489627
0 450343
0 614030
0 614798
0 365580
0 586253
0 713746
0 642899
0 918236
0 761885
0 259602
0 419998
0 310338
0 945578
0 894805
0 624487
0 881783
0 834184
0 243796
0 118198
0 486213
0 472090
0 851650
0 726879
0 206711
0 345722
0 470251
0 984892
0 232259
0 602013
0 896429
0 79355
0 326692
0 273464
0 529389
0 149744
0 13642
0 159973
0 64139
0 253025
0 93999
0 474623
0 558042
0 769715
0 533930
0 563318
0 163211
0 663767
0 534432
0 464321
0 445463
0 899308
0 647604
0 251804
0 97389
0 100343
0 218377
0 76228
0 997506
0 154062
0 49722
0 519990
0 913180
0 610447
0 700888
0 646451
0 360134
0 475281
0 579345
0 557545
0 700224
0 783603
0 817536
0 693123
0 308978
0 464381
0 555837
0 802975
0 653828
0 245673
0 710847
0 51467
0 920337
0 203401
0 22504
0 168843
0 458596
0 24688
0 410359
0 18379
0 455252
0 34262
0 131416
0 974596
0 518879
0 732083
0 883846
0 478143
0 467522
0 736567
0 622537
0 772527
0 539633
0 679434
0 446017
0 616075
0 592296
0 160508
0 943190
0 696585
0 176222
0 124525
0 289301
0 571722
0 488174
0 992107
0 85648
0 103729
0 145777
0 270646
0 261348
0 155890
0 306552
0 244935
0 468540
0 546335
0 243235
0 424163
0 564673
0 799003
0 89294
0 881546
0 12259
0 534669
0 629179
0 48086
0 194342
0 128967
0 385985
0 267196
0 426712
0 173486
0 399052
0 473699
0 337010
0 711708
0 514373
0 961528
0 219837
0 506513
0 39962
0 657828
0 958687
0 992694
0 656495
0 866304
0 306590
0 476037
0 528449
0 497933
0 735517
0 120581
0 480421
0 322347
0 529188
0 751495
0 689043
0 687319
0 709003
0 304086
0 540466
0 257127
0 375330
0 637122
0 256737
0 115842
0 155692
0 19800
0 912471
0 799533
0 628224
0 876912
0 343013
0 372514
0 840267
0 281048
0 712661
0 760077
0 94118
0 162904
0 662042
0 647151
0 355618
0 118570
0 565160
0 760947
0 904066
0 727508
0 685111
0 388250
0 254867
0 548391
0 252973
0 784878
0 704251
0 640170
0 866423
0 380029
0 803820
0 351937
0 43355
0 370160
0 796292
0 291342
0 361972
0 501623
0 327863
0 723234
0 823002
0 206982
0 802831
0 811927
0 76581
0 951990
0 221614
0 216218
0 2270
0 941132
0 549877
0 564230
0 819561
0 388635
0 651177
0 556615
0 622104
0 689196
0 443530
0 643827
0 644989
0 937167
0 801467
0 3115
0 911375
0 278023
0 759682
0 414077
0 22246
0 763286
0 49907
0 366430
0 663108
0 212650
0 649091
0 576210
0 777838
0 697338
0 13233
0 593114
0 276863
0 328625
0 562888
0 764912
0 743847
0 206494
0 809411
0 18773
0 731262
0 213418
0 261097
0 640897
0 653801
0 823313
0 16570
0 752730
0 755500
0 340248
0 228147
0 692375
0 361819
0 638883
0 21919
0 105402
0 916560
0 361666
0 802642
0 271598
0 683012
0 389332
0 637135
0 66931
0 480309
0 471163
0 951475
0 946139
0 4374
0 450659
0 364587
0 213367
0 302642
0 211942
0 276621
0 459575
0 532262
0 364244
0 3538
0 417681
0 206759
0 543159
0 746206
0 564594
0 861658
0 450903
0 695336
0 509904
0 550603
0 588877
0 635535
0 478863
0 93324
0 60523
0 864783
0 406868
0 401255
0 3667
0 150117
0 256891
0 174604
0 356322
0 669034
0 518518
0 164062
0 628451
0 443098
0 356597
0 848714
0 560954
0 381863
0 107490
0 306540
0 549617
0 704914
0 202926
0 204752
0 591360
0 933096
0 153606
0 559178
0 16571
0 154565
0 893244
0 236109
0 847824
0 621059
0 186886
0 820606
0 902094
0 61792
0 32190
0 880399
0 322923
0 395956
0 464435
0 409151
0 266189
0 523368
0 334842
0 207011
0 583885
0 366955
0 562636
0 496840
0 463017
0 169327
0 152342
0 472329
0 394692
0 919931
0 924855
0 6445
0 407568
0 422614
0 439495
0 559628
0 84027
0 666166
0 178193
0 198709
0 297785
0 730077
0 371024
0 691577
0 933575
0 700264
0 121387
0 11836
0 807478
0 718054
0 162057
0 468430
0 296995
0 446033
0 922796
0 275320
0 320656
0 417685
0 526813
0 550694
0 470881
0 408708
0 567622
0 67478
0 774920
0 255614
0 81668
0 747161
0 27423
0 882825
0 561149
0 257196
0 276486
0 15362
0 184223
0 735706
0 517538
0 717052
0 285048
0 901406
0 998991
0 395892
0 376711
0 594048
0 498485
0 28645
0 148646
0 937499
0 131180
0 891429
0 285618
0 509287
0 601430
0 148065
0 450932
0 341045
0 746589
0 169638
0 539968
0 537624
0 513083
0 529099
0 504436
0 175911
0 236495
0 552413
0 480264
0 458496
0 165023
0 982035
0 618334
0 697075
0 676305
0 156707
0 134312
0 790023
0 70216
0 656623
0 809983
0 810265
0 445819
0 842183
0 297875
0 817974
0 262090
0 527399
0 368287
0 318268
0 14922
0 834649
0 296074
0 700882
0 313405
0 513995
0 2088
0 433022
0 790553
0 996647
0 702875
0 363714
0 544708
0 132730
0 648429
0 983401
0 459886
0 714111
0 27321
0 28317
0 78465
0 722778
0 538008
0 358110
0 686259
0 19677
0 484425
0 566848
0 252787
0 393062
0 225534
0 665385
0 211713
0 262981
0 288376
0 555642
0 365744
0 935775
0 887115
0 451462
0 126681
0 121643
0 169121
0 552926
0 930055
0 465964
0 100566
0 452958
0 700
0 88339
0 165350
0 368375
0 617291
0 726415
0 606729
0 835625
0 983970
0 557572
0 797416
0 575975
0 812658
0 559943
0 649531
0 983250
0 308135
0 24660
0 446130
0 101174
0 531488
0 124599
0 611035
0 604382
0 892253
0 11245
0 120573
0 173653
0 474072
0 267363
0 941883
0 632492
0 727722
0 599077
0 718728
0 503482
0 914749
0 152126
0 221036
0 537717
0 270938
0 244932
0 380507
0 901568
0 706891
0 638999
0 234899
0 13166
0 506918
0 547840
0 485569
0 988936
0 722753
0 513249
0 379224
0 980742
0 555362
0 939700
0 342771
0 861061
0 636955
0 557315
0 932578
0 786543
0 571988
0 334387
0 837337
0 100019
0 888566
0 982943
0 322319
0 271199
0 639739
0 723574
0 53707
0 404496
0 833927
0 207334
0 714845
0 315001
0 358593
0 891779
0 1671
0 918455
0 242638
0 135383
0 553672
0 516108
0 703994
0 78244
0 359549
0 679466
0 251994
0 759049
0 657634
0 781605
0 441148
0 111410
0 161645
0 407439
0 830149
0 275858
0 64068
0 943688
0 659766
0 142929
0 131379
0 793991
0 186485
0 367494
0 456804
0 241620
0 863139
0 812555
0 651128
0 389728
0 894094
0 584455
0 615982
0 921499
0 175584
0 336062
0 425340
0 652079
0 777077
0 397203
0 267646
0 201502
0 608648
0 152954
0 96000
0 890047
0 560493
0 6572
0 143131
0 147731
0 330641
0 456203
0 17443
0 675463
0 662947
0 649651
0 330586
0 300241
0 808880
0 577349
0 846281
0 917270
0 422442
0 354847
0 671509
0 860277
0 377737
0 202302
0 467964
0 785191
0 686479
0 55921
0 103243
0 170247
0 625156
0 436132
0 415153
0 674753
0 94547
0 371245
0 89660
0 73878
0 870937
0 498298
0 151039
0 885371
0 233043
0 561366
0 184440
0 459502
0 661375
0 211289
0 980043
0 107557
0 718731
0 652657
0 962320
0 202005
0 201252
0 995247
0 314944
0 371791
0 939623
0 784150
0 399734
0 581320
0 79746
0 417283
0 20178
0 241988
0 655674
0 429578
0 553288
0 943294
0 937347
0 383791
0 195503
0 157054
0 344048
0 736549
0 284408
0 286716
0 51321
0 32091
0 413907
0 938959
0 234621
0 35943
0 795061
0 182766
0 167342
0 323118
0 93172
0 179250
0 206425
0 687301
0 82637
0 396550
0 608527
0 397001
0 614503
0 995232
0 261007
0 212130
0 11467
0 844268
0 837914
0 616480
0 935678
0 330592
0 439962
0 228341
0 2279
0 355372
0 918343
0 45977
0 273481
0 116102
0 643954
0 979143
0 527402
0 979993
0 49399
0 301633
0 607266
0 323429
0 683353
0 526331
0 797112
0 575649
0 124808
0 109526
0 599687
0 519386
0 692869
0 618883
0 244857
0 325833
0 657098
0 658938
0 673450
0 14567
0 514092
0 342420
0 272412
0 243978
0 517618
0 571264
0 410646
0 491656
0 420887
0 951044
0 254380
0 394250
0 152747
0 193884
0 911017
0 793212
0 858796
0 204680
0 978011
0 237706
0 451774
0 969587
0 568437
0 184212
0 429880
0 441628
0 23068
0 788413
0 189043
0 614329
0 890110
0 805081
0 357715
0 770785
0 691271
0 281144
0 96490
0 882162
0 162402
0 571358
0 295219
0 832740
0 93710
0 779595
0 842115
0 162282
0 169513
0 239452
0 963147
0 687564
0 697286
0 722511
0 77633
0 886363
0 837931
0 575182
0 498460
0 152131
0 730270
0 659635
0 403015
0 592896
0 825010
0 322443
0 388954
0 256639
0 670289
0 130268
0 142691
0 320577
0 837405
0 454063
0 284417
0 714186
0 309855
0 138500
0 346391
0 282232
0 40346
0 853722
0 227504
0 714992
0 23774
0 761141
0 273884
0 39115
0 842127
0 679889
0 221555
0 804885
0 832025
0 498711
0 45709
0 126851
0 431451
0 937578
0 463212
0 45938
0 258910
0 957346
0 337454
0 614328
0 364573
0 541037
0 415385
0 953648
0 632977
0 437145
0 274002
0 393751
0 654992
0 300649
0 227073
0 898007
0 186459
0 103907
0 967453
0 186132
0 108788
0 987035
0 281494
0 707859
0 572209
0 890757
0 447116
0 468381
0 491535
0 245386
0 535356
0 552252
0 201710
0 513404
0 734131
0 835958
0 660686
0 152141
0 237079
0 351406
0 941347
0 848840
0 603190
0 380684
0 556623
0 127491
0 142310
0 542465
0 535144
0 820087
0 325747
0 916472
0 268583
0 635193
0 142559
0 95195
0 176475
0 786411
0 537938
0 721924
0 867444
0 759514
0 585706
0 714563
0 261954
0 658723
0 395240
0 815169
0 547458
0 305655
0 433690
0 357788
0 900664
0 574815
0 730654
0 536576
0 603189
0 263960
0 801735
0 560761
0 162936
0 924498
0 187609
0 171028
0 189606
0 815971
0 826098
0 485354
0 41125
0 762125
0 374306
0 94214
0 720956
0 585832
0 376849
0 343176
0 137450
0 567813
0 503991
0 790399
0 664325
0 439988
0 124415
0 339439
0 458008
0 316475
0 747507
0 430434
0 227016
0 668387
0 685801
0 273906
0 50038
0 550348
0 121958
0 317774
0 564752
0 517526
0 446790
0 200684
0 298253
0 719744
0 431957
0 691064
0 810279
0 722861
0 201010
0 189599
0 476986
0 281628
0 448818
0 2138
0 832233
0 821800
0 576302
0 191788
0 469024
0 553480
0 489527
0 114070
0 113663
0 357344
0 551203
0 500215
0 643365
0 126790
0 573205
0 944779
0 297316
0 752531
0 549097
0 59573
0 405298
0 757584
0 396751
0 131068
0 852046
0 510322
0 532324
0 911775
0 616247
0 494931
0 530360
0 564334
0 350037
0 597692
0 26186
0 135553
0 446753
0 576184
0 644469
0 183729
0 360651
0 584648
0 652988
0 750415
0 330660
0 423628
0 372232
0 647986
0 291334
0 305652
0 433848
0 266525
0 995137
0 909784
0 197479
0 523771
0 709950
0 483834
0 691630
0 503915
0 85083
0 131549
0 168020
0 216899
0 14480
0 53466
0 529285
0 955314
0 782702
0 572643
0 999284
0 456847
0 234571
0 692977
0 124402
0 623360
0 665064
0 567482
0 108245
0 975097
0 53420
0 184095
0 656706
0 676899
0 178957
0 311478
0 496072
0 389395
0 33410
0 195652
0 640794
0 708904
0 147956
0 521589
0 830888
0 967424
0 134067
0 100028
0 842644
0 5855
0 141927
0 901803
0 889605
0 842265
0 924568
0 391894
0 607836
0 190719
0 181454
0 512705
0 659252
0 448847
0 150417
0 211487
0 720958
0 819988
0 395065
0 629787
0 431178
0 964971
0 484964
0 129348
0 920433
0 503347
0 584
0 22153
0 97966
0 229129
0 997351
0 134155
0 202489
0 794700
0 539015
0 156062
0 478745
0 459937
0 736715
0 536012
0 790673
0 290249
0 386693
0 853519
0 370168
0 356204
0 106482
0 687617
0 668722
0 247167
0 932054
0 161757
0 170110
0 665728
0 40923
0 983645
0 723925
0 559418
0 725269
0 834488
0 315744
0 415429
0 255959
0 458877
0 447702
0 954423
0 688372
0 302988
0 158060
0 375189
0 992062
0 501334
0 800890
0 863160
0 678086
0 2755
0 462822
0 39550
0 15066
0 886112
0 655044
0 497081
0 997440
0 48203
0 21635
0 50968
0 917843
0 743309
0 426912
0 583792
0 545227
0 849639
0 636849
0 74324
0 656217
0 820432
0 63312
0 767858
0 232466
0 660197
0 566856
0 578503
0 10450
0 595979
0 63602
0 800602
0 49462
0 249753
0 555433
0 338653
0 390
0 847469
0 200196
0 657765
0 813791
0 311890
0 561537
0 203642
0 545754
0 185928
0 23
0 473149
0 391549
0 597503
0 295595
0 971304
0 560211
0 85104
0 741369
0 34713
0 808954
0 867411
0 898583
0 735864
0 253594
0 327657
0 355726
0 54908
0 7941
0 950337
0 286533
0 207392
0 352597
0 523810
0 756292
0 697873
0 263606
0 971557
0 558843
0 552742
0 390279
0 25718
0 795078
0 857058
0 975022
0 107883
0 861180
0 698904
0 920251
0 504785
0 975068
0 602732
0 877838
0 730755
0 911367
0 294246
0 718244
0 879996
0 446223
0 31344
0 718239
0 108621
0 4819
0 922132
0 427068
0 256936
0 799301
0 558134
0 587760
0 872548
0 195651
0 836618
0 180623
0 947742
0 130208
0 242776
0 652483
0 658774
0 370343
0 724947
0 182994
0 968577
0 38462
0 699971
0 759201
0 182726
0 608459
0 676018
0 285499
0 624438
0 559245
0 699682
0 185792
0 322799
0 342813
0 906872
0 767008
0 562203
0 976953
0 626349
0 855643
0 797278
0 153996
0 774460
0 893767
0 764138
0 388187
0 365398
0 32169
0 214824
0 991042
0 539025
0 724198
0 919266
0 147317
0 518288
0 974681
0 847270
0 816596
0 223420
0 52197
0 239754
0 725524
0 344162
0 477528
0 464701
0 319914
0 901259
0 905754
0 373626
0 228485
0 66231
0 723909
0 792274
0 18068
0 792162
0 120373
0 21042
0 854989
0 60710
0 290554
0 940342
0 454933
0 762395
0 333010
0 327734
0 453881
0 931560
0 470626
0 211557
0 722284
0 40627
0 731460
0 750936
0 317873
0 727517
0 814604
0 177287
0 356871
0 92720
0 695504
0 249544
0 323757
0 61491
0 914678
0 496055
0 915066
0 284463
0 590335
0 234699
0 624741
0 55190
0 828605
0 905999
0 358571
0 46938
0 473276
0 172621
0 34686
0 238190
0 925275
0 428358
0 932806
0 143612
0 592946
0 849652
0 602847
0 814507
0 887660
0 275269
0 941193
0 287662
0 803089
0 921394
0 941665
0 561774
0 654686
0 322994
0 733510
0 545547
0 313797
0 912611
0 946668
0 131449
0 636885
0 115897
0 145955
0 440228
0 476720
0 720231
0 283568
0 647323
0 561402
0 767532
0 113529
0 196424
0 281346
0 867473
0 806978
0 432336
0 97694
0 744617
0 20682
0 87360
0 826650
0 900977
0 198560
0 189330
0 71085
0 109023
0 775579
0 824046
0 11577
0 804127
0 217324
0 290470
0 784684
0 147723
0 943709
0 359620
0 558027
0 917557
0 134213
0 187703
0 988412
0 392309
0 940376
0 139456
0 910854
0 784807
0 496938
0 532314
0 186975
0 227430
0 89455
0 318839
0 24545
0 227896
0 595713
0 33145
0 29842
0 733586
0 120888
0 793709
0 737027
0 495513
0 108842
0 727239
0 928313
0 518969
0 907103
0 184789
0 642181
0 740115
0 169527
0 687783
0 266580
0 6900
0 333753
0 9600
0 240472
0 716348
0 944797
0 978030
0 841096
0 23508
0 136782
