89
5 2 0 4 2 4 5 0 0 0 1 3 0 3 2 2 3 0 3 1 1 4 3 4 1 4 2 4 4 1 2 5 4 2 1 0 1 1 2 0 3 4 4 4 3 5 4 4 3 5 2 0 2 1 4 1 0 2 5 2 2 1 4 1 0 3 1 5 4 1 0 4 1 0 3 4 4 2 2 1 3 1 1 4 2 0 3 0 5
56 2
37 4
24 18
53 44
14 31
81 23
88 36
9 87
77 89
16 80
44 80
88 52
81 50
48 80
35 81
47 61
68 52
3 44
41 66
59 81
6 49
2 42
27 66
14 81
20 39
69 44
10 29
11 20
24 75
32 2
33 36
74 40
88 29
58 48
7 38
82 47
26 80
59 83
85 13
8 19
52 47
14 2
54 12
34 43
17 71
22 2
43 59
3 59
55 26
57 43
26 25
58 85
64 58
66 1
23 86
63 71
49 89
52 50
46 11
19 70
61 30
74 78
14 76
4 26
72 68
71 27
14 49
45 79
43 78
56 73
1 88
45 83
26 21
3 70
47 5
59 18
60 1
25 84
31 65
57 67
28 77
56 11
54 42
51 79
9 59
47 15
21 62
70 38
